['BEC4225B5F79862473D71567FFEE553C', 64267, 8696, -117, -31]
['525049494F5400000000000000000000', 1, 2, -62, -51]
['525049494F5400000000000000000000', 1, 2, -62, -30]
['525049494F5400000000000000000000', 1, 2, -62, -52]
['525049494F5400000000000000000000', 1, 2, -62, -31]
['525049494F5400000000000000000000', 1, 2, -62, -51]
['525049494F5400000000000000000000', 1, 2, -62, -31]
['525049494F5400000000000000000000', 1, 2, -62, -51]
['525049494F5400000000000000000000', 1, 2, -62, -33]
['525049494F5400000000000000000000', 1, 2, -62, -32]
['0100018FDB11C384530B02011A07FF4C', 16, 523, 0, -90]
['525049494F5400000000000000000000', 1, 2, -62, -33]
['525049494F5400000000000000000000', 1, 2, -62, -51]
['525049494F5400000000000000000000', 1, 2, -62, -33]
['525049494F5400000000000000000000', 1, 2, -62, -30]
['0100018FDB11C384530B02011A07FF4C', 16, 523, 0, -89]
['525049494F5400000000000000000000', 1, 2, -62, -35]
['525049494F5400000000000000000000', 1, 2, -62, -30]
['525049494F5400000000000000000000', 1, 2, -62, -33]
['0100018FDB11C384530B02011A07FF4C', 16, 523, 0, -87]
['525049494F5400000000000000000000', 1, 2, -62, -30]
['BEC4225B5F79862473D71567FFEE553C', 64267, 8696, -117, -32]
['525049494F5400000000000000000000', 1, 2, -62, -54]
['525049494F5400000000000000000000', 1, 2, -62, -51]
['0100018FDB11C384530B02011A07FF4C', 16, 523, 0, -86]
['525049494F5400000000000000000000', 1, 2, -62, -32]
['525049494F5400000000000000000000', 1, 2, -62, -52]
['525049494F5400000000000000000000', 1, 2, -62, -32]
['525049494F5400000000000000000000', 1, 2, -62, -30]
['BEC4225B5F79862473D71567FFEE553C', 64267, 8696, -117, -32]
['525049494F5400000000000000000000', 1, 2, -62, -36]
['525049494F5400000000000000000000', 1, 2, -62, -30]
['525049494F5400000000000000000000', 1, 2, -62, -36]
['525049494F5400000000000000000000', 1, 2, -62, -31]
['525049494F5400000000000000000000', 1, 2, -62, -32]
['525049494F5400000000000000000000', 1, 2, -62, -45]
['BEC4225B5F79862473D71567FFEE553C', 64267, 8696, -117, -44]
['525049494F5400000000000000000000', 1, 2, -62, -32]
['525049494F5400000000000000000000', 1, 2, -62, -44]
['525049494F5400000000000000000000', 1, 2, -62, -33]
['525049494F5400000000000000000000', 1, 2, -62, -45]
['525049494F5400000000000000000000', 1, 2, -62, -35]
['525049494F5400000000000000000000', 1, 2, -62, -32]
['BEC4225B5F79862473D71567FFEE553C', 64267, 8696, -117, -31]
['525049494F5400000000000000000000', 1, 2, -62, -52]
['525049494F5400000000000000000000', 1, 2, -62, -44]
['525049494F5400000000000000000000', 1, 2, -62, -36]
['525049494F5400000000000000000000', 1, 2, -62, -45]
['525049494F5400000000000000000000', 1, 2, -62, -36]
['525049494F5400000000000000000000', 1, 2, -62, -44]
['525049494F5400000000000000000000', 1, 2, -62, -35]
['525049494F5400000000000000000000', 1, 2, -62, -32]
['525049494F5400000000000000000000', 1, 2, -62, -30]
['525049494F5400000000000000000000', 1, 2, -62, -32]
['525049494F5400000000000000000000', 1, 2, -62, -36]
['525049494F5400000000000000000000', 1, 2, -62, -33]
['525049494F5400000000000000000000', 1, 2, -62, -35]
['BEC4225B5F79862473D71567FFEE553C', 64267, 8696, -117, -52]
['525049494F5400000000000000000000', 1, 2, -62, -33]
['525049494F5400000000000000000000', 1, 2, -62, -31]
['0100018FDB11C384530B02011A07FF4C', 16, 523, 0, -88]
['525049494F5400000000000000000000', 1, 2, -62, -47]
['525049494F5400000000000000000000', 1, 2, -62, -47]
['525049494F5400000000000000000000', 1, 2, -62, -31]
['BEC4225B5F79862473D71567FFEE553C', 64267, 8696, -117, -32]
['525049494F5400000000000000000000', 1, 2, -62, -35]
['0100018FDB11C384530B02011A07FF4C', 16, 523, 0, -84]
['525049494F5400000000000000000000', 1, 2, -62, -52]
['0100018FDB11C384530B02011A07FF4C', 16, 523, 0, -97]
['525049494F5400000000000000000000', 1, 2, -62, -30]
['525049494F5400000000000000000000', 1, 2, -62, -52]
['525049494F5400000000000000000000', 1, 2, -62, -32]
['525049494F5400000000000000000000', 1, 2, -62, -52]
['525049494F5400000000000000000000', 1, 2, -62, -30]
['525049494F5400000000000000000000', 1, 2, -62, -36]
['525049494F5400000000000000000000', 1, 2, -62, -35]
['525049494F5400000000000000000000', 1, 2, -62, -31]
['BEC4225B5F79862473D71567FFEE553C', 64267, 8696, -117, -36]
['525049494F5400000000000000000000', 1, 2, -62, -35]
['525049494F5400000000000000000000', 1, 2, -62, -30]
['525049494F5400000000000000000000', 1, 2, -62, -44]
['525049494F5400000000000000000000', 1, 2, -62, -35]
['525049494F5400000000000000000000', 1, 2, -62, -45]
['BEC4225B5F79862473D71567FFEE553C', 64267, 8696, -117, -33]
['525049494F5400000000000000000000', 1, 2, -62, -31]
['525049494F5400000000000000000000', 1, 2, -62, -47]
['0100018FDB11C384530B02011A07FF4C', 16, 523, 0, -102]
['525049494F5400000000000000000000', 1, 2, -62, -47]
['525049494F5400000000000000000000', 1, 2, -62, -36]
['525049494F5400000000000000000000', 1, 2, -62, -47]
['BEC4225B5F79862473D71567FFEE553C', 64267, 8696, -117, -44]
['525049494F5400000000000000000000', 1, 2, -62, -32]
['525049494F5400000000000000000000', 1, 2, -62, -44]
['525049494F5400000000000000000000', 1, 2, -62, -36]
['525049494F5400000000000000000000', 1, 2, -62, -44]
['525049494F5400000000000000000000', 1, 2, -62, -58]
['525049494F5400000000000000000000', 1, 2, -62, -30]
['BEC4225B5F79862473D71567FFEE553C', 64267, 8696, -117, -30]
['525049494F5400000000000000000000', 1, 2, -62, -32]
['0100018FDB11C384530B02011A07FF4C', 16, 523, 0, -101]
['525049494F5400000000000000000000', 1, 2, -62, -31]
['525049494F5400000000000000000000', 1, 2, -62, -52]
['0100018FDB11C384530B02011A07FF4C', 16, 523, 0, -96]
['525049494F5400000000000000000000', 1, 2, -62, -32]
['525049494F5400000000000000000000', 1, 2, -62, -44]
['525049494F5400000000000000000000', 1, 2, -62, -32]
['0100018FDB11C384530B02011A07FF4C', 16, 523, 0, -87]
['BEC4225B5F79862473D71567FFEE553C', 64267, 8696, -117, -51]
['525049494F5400000000000000000000', 1, 2, -62, -45]
['525049494F5400000000000000000000', 1, 2, -62, -33]
['0100018FDB11C384530B02011A07FF4C', 16, 523, 0, -95]
['525049494F5400000000000000000000', 1, 2, -62, -44]
['525049494F5400000000000000000000', 1, 2, -62, -35]
['525049494F5400000000000000000000', 1, 2, -62, -44]
['525049494F5400000000000000000000', 1, 2, -62, -36]
['BEC4225B5F79862473D71567FFEE553C', 64267, 8696, -117, -47]
['525049494F5400000000000000000000', 1, 2, -62, -30]
['525049494F5400000000000000000000', 1, 2, -62, -45]
['525049494F5400000000000000000000', 1, 2, -62, -30]
['525049494F5400000000000000000000', 1, 2, -62, -35]
['525049494F5400000000000000000000', 1, 2, -62, -30]
['525049494F5400000000000000000000', 1, 2, -62, -52]
['BEC4225B5F79862473D71567FFEE553C', 64267, 8696, -117, -47]
['525049494F5400000000000000000000', 1, 2, -62, -30]
['525049494F5400000000000000000000', 1, 2, -62, -52]
['525049494F5400000000000000000000', 1, 2, -62, -31]
['0100018FDB11C384530B02011A07FF4C', 16, 523, 0, -94]
['525049494F5400000000000000000000', 1, 2, -62, -35]
['525049494F5400000000000000000000', 1, 2, -62, -31]
['525049494F5400000000000000000000', 1, 2, -62, -53]
['BEC4225B5F79862473D71567FFEE553C', 64267, 8696, -117, -31]
['525049494F5400000000000000000000', 1, 2, -62, -33]
['525049494F5400000000000000000000', 1, 2, -62, -36]
['0100018FDB11C384530B02011A07FF4C', 16, 523, 0, -93]
['525049494F5400000000000000000000', 1, 2, -62, -31]
['525049494F5400000000000000000000', 1, 2, -62, -52]
['525049494F5400000000000000000000', 1, 2, -62, -30]
['525049494F5400000000000000000000', 1, 2, -62, -32]
['525049494F5400000000000000000000', 1, 2, -62, -30]
['525049494F5400000000000000000000', 1, 2, -62, -59]
['0100018FDB11C384530B02011A07FF4C', 16, 523, 0, -99]
['525049494F5400000000000000000000', 1, 2, -62, -44]
['525049494F5400000000000000000000', 1, 2, -62, -35]
['525049494F5400000000000000000000', 1, 2, -62, -32]
['525049494F5400000000000000000000', 1, 2, -62, -36]
['525049494F5400000000000000000000', 1, 2, -62, -32]
['BEC4225B5F79862473D71567FFEE553C', 64267, 8696, -117, -53]
['525049494F5400000000000000000000', 1, 2, -62, -36]
['525049494F5400000000000000000000', 1, 2, -62, -44]
['0100018FDB11C384530B02011A07FF4C', 16, 523, 0, -90]
['525049494F5400000000000000000000', 1, 2, -62, -36]
['525049494F5400000000000000000000', 1, 2, -62, -44]
['525049494F5400000000000000000000', 1, 2, -62, -36]
['525049494F5400000000000000000000', 1, 2, -62, -44]
['BEC4225B5F79862473D71567FFEE553C', 64267, 8696, -117, -47]
['525049494F5400000000000000000000', 1, 2, -62, -35]
['525049494F5400000000000000000000', 1, 2, -62, -32]
['525049494F5400000000000000000000', 1, 2, -62, -44]
['525049494F5400000000000000000000', 1, 2, -62, -36]
['525049494F5400000000000000000000', 1, 2, -62, -44]
['525049494F5400000000000000000000', 1, 2, -62, -36]
['BEC4225B5F79862473D71567FFEE553C', 64267, 8696, -117, -30]
['525049494F5400000000000000000000', 1, 2, -62, -44]
['525049494F5400000000000000000000', 1, 2, -62, -35]
['525049494F5400000000000000000000', 1, 2, -62, -44]
['0100018FDB11C384530B02011A07FF4C', 16, 523, 0, -103]
['525049494F5400000000000000000000', 1, 2, -62, -36]
['525049494F5400000000000000000000', 1, 2, -62, -44]
['525049494F5400000000000000000000', 1, 2, -62, -41]
['BEC4225B5F79862473D71567FFEE553C', 64267, 8696, -117, -44]
['525049494F5400000000000000000000', 1, 2, -62, -45]
['525049494F5400000000000000000000', 1, 2, -62, -35]
['525049494F5400000000000000000000', 1, 2, -62, -44]
['525049494F5400000000000000000000', 1, 2, -62, -35]
['525049494F5400000000000000000000', 1, 2, -62, -44]
['0100018FDB11C384530B02011A07FF4C', 16, 523, 0, -96]
['525049494F5400000000000000000000', 1, 2, -62, -35]
['525049494F5400000000000000000000', 1, 2, -62, -44]
['BEC4225B5F79862473D71567FFEE553C', 64267, 8696, -117, -35]
['525049494F5400000000000000000000', 1, 2, -62, -33]
['525049494F5400000000000000000000', 1, 2, -62, -35]
['525049494F5400000000000000000000', 1, 2, -62, -44]
['525049494F5400000000000000000000', 1, 2, -62, -35]
['525049494F5400000000000000000000', 1, 2, -62, -44]
['525049494F5400000000000000000000', 1, 2, -62, -35]
['0100018FDB11C384530B02011A07FF4C', 16, 523, 0, -88]
['BEC4225B5F79862473D71567FFEE553C', 64267, 8696, -117, -33]
['525049494F5400000000000000000000', 1, 2, -62, -54]
['525049494F5400000000000000000000', 1, 2, -62, -31]
['525049494F5400000000000000000000', 1, 2, -62, -35]
['525049494F5400000000000000000000', 1, 2, -62, -47]
['525049494F5400000000000000000000', 1, 2, -62, -35]
['000C0E0041A8523287205ABEFC2C8F26', 38160, 523, 0, -99]
['000C0E0041A8523287205ABEFC2C8F26', 38160, 523, 0, -88]
['000C0E0041A8523287205ABEFC2C8F26', 38160, 523, 0, -89]
['000C0E0041A8523287205ABEFC2C8F26', 38160, 523, 0, -89]
['BEC4225B5F79862473D71567FFEE553C', 64267, 8696, -117, -30]
['525049494F5400000000000000000000', 1, 2, -62, -33]
['000C0E0041A8523287205ABEFC2C8F26', 38160, 523, 0, -85]
['525049494F5400000000000000000000', 1, 2, -62, -36]
['000C0E0041A8523287205ABEFC2C8F26', 38160, 523, 0, -97]
['000C0E0041A8523287205ABEFC2C8F26', 38160, 523, 0, -84]
['525049494F5400000000000000000000', 1, 2, -62, -44]
['525049494F5400000000000000000000', 1, 2, -62, -35]
['525049494F5400000000000000000000', 1, 2, -62, -44]
['000C0E0041A8523287205ABEFC2C8F26', 38160, 523, 0, -99]
['525049494F5400000000000000000000', 1, 2, -62, -35]
['000C0E0041A8523287205ABEFC2C8F26', 38160, 523, 0, -91]
['000C0E0041A8523287205ABEFC2C8F26', 38160, 523, 0, -90]
['BEC4225B5F79862473D71567FFEE553C', 64267, 8696, -117, -52]
['525049494F5400000000000000000000', 1, 2, -62, -32]
['000C0E0041A8523287205ABEFC2C8F26', 38160, 523, 0, -86]
['525049494F5400000000000000000000', 1, 2, -62, -44]
['000C0E0041A8523287205ABEFC2C8F26', 38160, 523, 0, -86]
['000C0E0041A8523287205ABEFC2C8F26', 38160, 523, 0, -85]
['525049494F5400000000000000000000', 1, 2, -62, -32]
['000C0E0041A8523287205ABEFC2C8F26', 38160, 523, 0, -87]
['525049494F5400000000000000000000', 1, 2, -62, -32]
['000C0E0041A8523287205ABEFC2C8F26', 38160, 523, 0, -88]
['000C0E0041A8523287205ABEFC2C8F26', 38160, 523, 0, -97]
['000C0E0041A8523287205ABEFC2C8F26', 38160, 523, 0, -85]
['000C0E0041A8523287205ABEFC2C8F26', 38160, 523, 0, -95]
['525049494F5400000000000000000000', 1, 2, -62, -32]
['000C0E0041A8523287205ABEFC2C8F26', 38160, 523, 0, -85]
['BEC4225B5F79862473D71567FFEE553C', 64267, 8696, -117, -52]
['000C0E0041A8523287205ABEFC2C8F26', 38160, 523, 0, -96]
['525049494F5400000000000000000000', 1, 2, -62, -52]
['000C0E0041A8523287205ABEFC2C8F26', 38160, 523, 0, -90]
['525049494F5400000000000000000000', 1, 2, -62, -30]
['525049494F5400000000000000000000', 1, 2, -62, -51]
['000C0E0041A8523287205ABEFC2C8F26', 38160, 523, 0, -89]
['525049494F5400000000000000000000', 1, 2, -62, -30]
['000C0E0041A8523287205ABEFC2C8F26', 38160, 523, 0, -89]
['000C0E0041A8523287205ABEFC2C8F26', 38160, 523, 0, -97]
['000C0E0041A8523287205ABEFC2C8F26', 38160, 523, 0, -91]
['000C0E0041A8523287205ABEFC2C8F26', 38160, 523, 0, -95]
['525049494F5400000000000000000000', 1, 2, -62, -45]
['000C0E0041A8523287205ABEFC2C8F26', 38160, 523, 0, -88]
['525049494F5400000000000000000000', 1, 2, -62, -30]
['BEC4225B5F79862473D71567FFEE553C', 64267, 8696, -117, -45]
['525049494F5400000000000000000000', 1, 2, -62, -51]
['525049494F5400000000000000000000', 1, 2, -62, -32]
['000C0E0041A8523287205ABEFC2C8F26', 38160, 523, 0, -95]
['525049494F5400000000000000000000', 1, 2, -62, -32]
['000C0E0041A8523287205ABEFC2C8F26', 38160, 523, 0, -82]
['525049494F5400000000000000000000', 1, 2, -62, -52]
['525049494F5400000000000000000000', 1, 2, -62, -30]
['000C0E0041A8523287205ABEFC2C8F26', 38160, 523, 0, -95]
['525049494F5400000000000000000000', 1, 2, -62, -52]
['525049494F5400000000000000000000', 1, 2, -62, -31]
['000C0E0041A8523287205ABEFC2C8F26', 38160, 523, 0, -85]
['525049494F5400000000000000000000', 1, 2, -62, -52]
['000C0E0041A8523287205ABEFC2C8F26', 38160, 523, 0, -89]
['525049494F5400000000000000000000', 1, 2, -62, -31]
['525049494F5400000000000000000000', 1, 2, -62, -51]
['525049494F5400000000000000000000', 1, 2, -62, -30]
['BEC4225B5F79862473D71567FFEE553C', 64267, 8696, -117, -44]
['525049494F5400000000000000000000', 1, 2, -62, -51]
['525049494F5400000000000000000000', 1, 2, -62, -34]
['525049494F5400000000000000000000', 1, 2, -62, -32]
['000C0E0041A8523287205ABEFC2C8F26', 38160, 523, 0, -90]
['525049494F5400000000000000000000', 1, 2, -62, -44]
['525049494F5400000000000000000000', 1, 2, -62, -35]
['000C0E0041A8523287205ABEFC2C8F26', 38160, 523, 0, -87]
['BEC4225B5F79862473D71567FFEE553C', 64267, 8696, -117, -44]
['525049494F5400000000000000000000', 1, 2, -62, -48]
['525049494F5400000000000000000000', 1, 2, -62, -35]
['525049494F5400000000000000000000', 1, 2, -62, -45]
['525049494F5400000000000000000000', 1, 2, -62, -45]
['000C0E0041A8523287205ABEFC2C8F26', 38160, 523, 0, -96]
['525049494F5400000000000000000000', 1, 2, -62, -35]
['BEC4225B5F79862473D71567FFEE553C', 64267, 8696, -117, -52]
['525049494F5400000000000000000000', 1, 2, -62, -47]
['525049494F5400000000000000000000', 1, 2, -62, -45]
['525049494F5400000000000000000000', 1, 2, -62, -30]
['000C0E0041A8523287205ABEFC2C8F26', 38160, 523, 0, -88]
['525049494F5400000000000000000000', 1, 2, -62, -47]
['BEC4225B5F79862473D71567FFEE553C', 64267, 8696, -117, -32]
['525049494F5400000000000000000000', 1, 2, -62, -31]
['000C0E0041A8523287205ABEFC2C8F26', 38160, 523, 0, -99]
['525049494F5400000000000000000000', 1, 2, -62, -51]
['525049494F5400000000000000000000', 1, 2, -62, -30]
['525049494F5400000000000000000000', 1, 2, -62, -45]
['000C0E0041A8523287205ABEFC2C8F26', 38160, 523, 0, -99]
['525049494F5400000000000000000000', 1, 2, -62, -47]
['BEC4225B5F79862473D71567FFEE553C', 64267, 8696, -117, -31]
['525049494F5400000000000000000000', 1, 2, -62, -32]
['000C0E0041A8523287205ABEFC2C8F26', 38160, 523, 0, -95]
['525049494F5400000000000000000000', 1, 2, -62, -51]
['525049494F5400000000000000000000', 1, 2, -62, -32]
['000C0E0041A8523287205ABEFC2C8F26', 38160, 523, 0, -87]
['525049494F5400000000000000000000', 1, 2, -62, -51]
['525049494F5400000000000000000000', 1, 2, -62, -32]
['BEC4225B5F79862473D71567FFEE553C', 64267, 8696, -117, -35]
['525049494F5400000000000000000000', 1, 2, -62, -51]
['525049494F5400000000000000000000', 1, 2, -62, -31]
['525049494F5400000000000000000000', 1, 2, -62, -52]
['000C0E0041A8523287205ABEFC2C8F26', 38160, 523, 0, -88]
['525049494F5400000000000000000000', 1, 2, -62, -30]
['525049494F5400000000000000000000', 1, 2, -62, -47]
['000C0E0041A8523287205ABEFC2C8F26', 38160, 523, 0, -96]
['000C0E0041A8523287205ABEFC2C8F26', 38160, 523, 0, -85]
['000C0E0041A8523287205ABEFC2C8F26', 38160, 523, 0, -97]
['525049494F5400000000000000000000', 1, 2, -62, -32]
['525049494F5400000000000000000000', 1, 2, -62, -51]
['525049494F5400000000000000000000', 1, 2, -62, -54]
['525049494F5400000000000000000000', 1, 2, -62, -31]
['525049494F5400000000000000000000', 1, 2, -62, -32]
['BEC4225B5F79862473D71567FFEE553C', 64267, 8696, -117, -45]
['525049494F5400000000000000000000', 1, 2, -62, -30]
['525049494F5400000000000000000000', 1, 2, -62, -32]
['000C0E0041A8523287205ABEFC2C8F26', 38160, 523, 0, -98]
['525049494F5400000000000000000000', 1, 2, -62, -31]
['000C0E0041A8523287205ABEFC2C8F26', 38160, 523, 0, -89]
['525049494F5400000000000000000000', 1, 2, -62, -33]
['BEC4225B5F79862473D71567FFEE553C', 64267, 8696, -117, -31]
['525049494F5400000000000000000000', 1, 2, -62, -51]
['525049494F5400000000000000000000', 1, 2, -62, -33]
['525049494F5400000000000000000000', 1, 2, -62, -52]
['000C0E0041A8523287205ABEFC2C8F26', 38160, 523, 0, -82]
['525049494F5400000000000000000000', 1, 2, -62, -30]
['525049494F5400000000000000000000', 1, 2, -62, -52]
['BEC4225B5F79862473D71567FFEE553C', 64267, 8696, -117, -31]
['525049494F5400000000000000000000', 1, 2, -62, -52]
['525049494F5400000000000000000000', 1, 2, -62, -33]
['525049494F5400000000000000000000', 1, 2, -62, -52]
['525049494F5400000000000000000000', 1, 2, -62, -32]
['525049494F5400000000000000000000', 1, 2, -62, -31]
['525049494F5400000000000000000000', 1, 2, -62, -47]
['BEC4225B5F79862473D71567FFEE553C', 64267, 8696, -117, -36]
['525049494F5400000000000000000000', 1, 2, -62, -30]
['525049494F5400000000000000000000', 1, 2, -62, -35]
['000C0E0041A8523287205ABEFC2C8F26', 38160, 523, 0, -86]
['525049494F5400000000000000000000', 1, 2, -62, -30]
['000C0E0041A8523287205ABEFC2C8F26', 38160, 523, 0, -99]
['525049494F5400000000000000000000', 1, 2, -62, -35]
['525049494F5400000000000000000000', 1, 2, -62, -30]
['000C0E0041A8523287205ABEFC2C8F26', 38160, 523, 0, -85]
['525049494F5400000000000000000000', 1, 2, -62, -51]
['525049494F5400000000000000000000', 1, 2, -62, -31]
['BEC4225B5F79862473D71567FFEE553C', 64267, 8696, -117, -32]
['525049494F5400000000000000000000', 1, 2, -62, -31]
['525049494F5400000000000000000000', 1, 2, -62, -51]
['525049494F5400000000000000000000', 1, 2, -62, -30]
['525049494F5400000000000000000000', 1, 2, -62, -47]
['525049494F5400000000000000000000', 1, 2, -62, -30]
['BEC4225B5F79862473D71567FFEE553C', 64267, 8696, -117, -32]
['525049494F5400000000000000000000', 1, 2, -62, -45]
['000C0E0041A8523287205ABEFC2C8F26', 38160, 523, 0, -97]
['525049494F5400000000000000000000', 1, 2, -62, -35]
['525049494F5400000000000000000000', 1, 2, -62, -45]
['000C0E0041A8523287205ABEFC2C8F26', 38160, 523, 0, -89]
['525049494F5400000000000000000000', 1, 2, -62, -35]
['525049494F5400000000000000000000', 1, 2, -62, -44]
['525049494F5400000000000000000000', 1, 2, -62, -35]
['000C0E0041A8523287205ABEFC2C8F26', 38160, 523, 0, -89]
['525049494F5400000000000000000000', 1, 2, -62, -44]
['000C0E0041A8523287205ABEFC2C8F26', 38160, 523, 0, -83]
['525049494F5400000000000000000000', 1, 2, -62, -45]
['525049494F5400000000000000000000', 1, 2, -62, -59]
['000C0E0041A8523287205ABEFC2C8F26', 38160, 523, 0, -95]
['525049494F5400000000000000000000', 1, 2, -62, -51]
['525049494F5400000000000000000000', 1, 2, -62, -36]
['BEC4225B5F79862473D71567FFEE553C', 64267, 8696, -117, -52]
['525049494F5400000000000000000000', 1, 2, -62, -51]
['525049494F5400000000000000000000', 1, 2, -62, -35]
['525049494F5400000000000000000000', 1, 2, -62, -30]
['525049494F5400000000000000000000', 1, 2, -62, -41]
['525049494F5400000000000000000000', 1, 2, -62, -44]
['BEC4225B5F79862473D71567FFEE553C', 64267, 8696, -117, -32]
['525049494F5400000000000000000000', 1, 2, -62, -35]
['000C0E0041A8523287205ABEFC2C8F26', 38160, 523, 0, -93]
['525049494F5400000000000000000000', 1, 2, -62, -32]
['525049494F5400000000000000000000', 1, 2, -62, -35]
['525049494F5400000000000000000000', 1, 2, -62, -47]
['525049494F5400000000000000000000', 1, 2, -62, -35]
['000C0E0041A8523287205ABEFC2C8F26', 38160, 523, 0, -89]
['525049494F5400000000000000000000', 1, 2, -62, -45]
['BEC4225B5F79862473D71567FFEE553C', 64267, 8696, -117, -31]
['000C0E0041A8523287205ABEFC2C8F26', 38160, 523, 0, -88]
['525049494F5400000000000000000000', 1, 2, -62, -35]
['525049494F5400000000000000000000', 1, 2, -62, -44]
['000C0E0041A8523287205ABEFC2C8F26', 38160, 523, 0, -99]
['525049494F5400000000000000000000', 1, 2, -62, -35]
