['525049494F5400000000000000000000', 1, 2, -62, -45]
['525049494F5400000000000000000000', 1, 2, -62, -37]
['BEC4225B5F79862473D71567FFEE553C', 64267, 8696, -117, -37]
['525049494F5400000000000000000000', 1, 2, -62, -45]
['525049494F5400000000000000000000', 1, 2, -62, -33]
['525049494F5400000000000000000000', 1, 2, -62, -33]
['525049494F5400000000000000000000', 1, 2, -62, -37]
['525049494F5400000000000000000000', 1, 2, -62, -45]
['BEC4225B5F79862473D71567FFEE553C', 64267, 8696, -117, -33]
['525049494F5400000000000000000000', 1, 2, -62, -37]
['525049494F5400000000000000000000', 1, 2, -62, -33]
['525049494F5400000000000000000000', 1, 2, -62, -37]
['525049494F5400000000000000000000', 1, 2, -62, -44]
['525049494F5400000000000000000000', 1, 2, -62, -37]
['525049494F5400000000000000000000', 1, 2, -62, -44]
['525049494F5400000000000000000000', 1, 2, -62, -37]
['525049494F5400000000000000000000', 1, 2, -62, -47]
['525049494F5400000000000000000000', 1, 2, -62, -37]
['525049494F5400000000000000000000', 1, 2, -62, -46]
['525049494F5400000000000000000000', 1, 2, -62, -30]
['525049494F5400000000000000000000', 1, 2, -62, -48]
['525049494F5400000000000000000000', 1, 2, -62, -37]
['BEC4225B5F79862473D71567FFEE553C', 64267, 8696, -117, -53]
['525049494F5400000000000000000000', 1, 2, -62, -33]
['525049494F5400000000000000000000', 1, 2, -62, -30]
['525049494F5400000000000000000000', 1, 2, -62, -33]
['525049494F5400000000000000000000', 1, 2, -62, -37]
['525049494F5400000000000000000000', 1, 2, -62, -33]
['525049494F5400000000000000000000', 1, 2, -62, -37]
['525049494F5400000000000000000000', 1, 2, -62, -34]
['525049494F5400000000000000000000', 1, 2, -62, -33]
['525049494F5400000000000000000000', 1, 2, -62, -31]
['525049494F5400000000000000000000', 1, 2, -62, -60]
['525049494F5400000000000000000000', 1, 2, -62, -45]
['BEC4225B5F79862473D71567FFEE553C', 64267, 8696, -117, -33]
['525049494F5400000000000000000000', 1, 2, -62, -33]
['525049494F5400000000000000000000', 1, 2, -62, -31]
['525049494F5400000000000000000000', 1, 2, -62, -33]
['525049494F5400000000000000000000', 1, 2, -62, -46]
['525049494F5400000000000000000000', 1, 2, -62, -37]
['525049494F5400000000000000000000', 1, 2, -62, -44]
['BEC4225B5F79862473D71567FFEE553C', 64267, 8696, -117, -44]
['525049494F5400000000000000000000', 1, 2, -62, -33]
['525049494F5400000000000000000000', 1, 2, -62, -54]
['525049494F5400000000000000000000', 1, 2, -62, -33]
['525049494F5400000000000000000000', 1, 2, -62, -53]
['525049494F5400000000000000000000', 1, 2, -62, -30]
['525049494F5400000000000000000000', 1, 2, -62, -37]
['BEC4225B5F79862473D71567FFEE553C', 64267, 8696, -117, -30]
['525049494F5400000000000000000000', 1, 2, -62, -55]
['525049494F5400000000000000000000', 1, 2, -62, -37]
['525049494F5400000000000000000000', 1, 2, -62, -44]
['525049494F5400000000000000000000', 1, 2, -62, -37]
['525049494F5400000000000000000000', 1, 2, -62, -37]
['BEC4225B5F79862473D71567FFEE553C', 64267, 8696, -117, -37]
['525049494F5400000000000000000000', 1, 2, -62, -45]
['525049494F5400000000000000000000', 1, 2, -62, -33]
['525049494F5400000000000000000000', 1, 2, -62, -45]
['525049494F5400000000000000000000', 1, 2, -62, -37]
['525049494F5400000000000000000000', 1, 2, -62, -44]
['525049494F5400000000000000000000', 1, 2, -62, -33]
['BEC4225B5F79862473D71567FFEE553C', 64267, 8696, -117, -33]
['525049494F5400000000000000000000', 1, 2, -62, -53]
['525049494F5400000000000000000000', 1, 2, -62, -45]
['525049494F5400000000000000000000', 1, 2, -62, -37]
['525049494F5400000000000000000000', 1, 2, -62, -45]
['525049494F5400000000000000000000', 1, 2, -62, -33]
['525049494F5400000000000000000000', 1, 2, -62, -45]
['525049494F5400000000000000000000', 1, 2, -62, -48]
['BEC4225B5F79862473D71567FFEE553C', 64267, 8696, -117, -31]
['525049494F5400000000000000000000', 1, 2, -62, -37]
['525049494F5400000000000000000000', 1, 2, -62, -45]
['525049494F5400000000000000000000', 1, 2, -62, -37]
['525049494F5400000000000000000000', 1, 2, -62, -46]
['525049494F5400000000000000000000', 1, 2, -62, -37]
['BEC4225B5F79862473D71567FFEE553C', 64267, 8696, -117, -37]
['525049494F5400000000000000000000', 1, 2, -62, -37]
['525049494F5400000000000000000000', 1, 2, -62, -30]
['525049494F5400000000000000000000', 1, 2, -62, -48]
['525049494F5400000000000000000000', 1, 2, -62, -37]
['525049494F5400000000000000000000', 1, 2, -62, -48]
['0100017E8847DFBA750B02011A07FF4C', 16, 523, 0, -89]
['525049494F5400000000000000000000', 1, 2, -62, -37]
['BEC4225B5F79862473D71567FFEE553C', 64267, 8696, -117, -33]
['525049494F5400000000000000000000', 1, 2, -62, -44]
['525049494F5400000000000000000000', 1, 2, -62, -37]
['525049494F5400000000000000000000', 1, 2, -62, -45]
['525049494F5400000000000000000000', 1, 2, -62, -59]
['525049494F5400000000000000000000', 1, 2, -62, -47]
['525049494F5400000000000000000000', 1, 2, -62, -37]
['525049494F5400000000000000000000', 1, 2, -62, -46]
['525049494F5400000000000000000000', 1, 2, -62, -46]
['525049494F5400000000000000000000', 1, 2, -62, -30]
['525049494F5400000000000000000000', 1, 2, -62, -48]
['525049494F5400000000000000000000', 1, 2, -62, -37]
['525049494F5400000000000000000000', 1, 2, -62, -46]
['BEC4225B5F79862473D71567FFEE553C', 64267, 8696, -117, -30]
['525049494F5400000000000000000000', 1, 2, -62, -30]
['525049494F5400000000000000000000', 1, 2, -62, -37]
['525049494F5400000000000000000000', 1, 2, -62, -37]
['525049494F5400000000000000000000', 1, 2, -62, -37]
['BEC4225B5F79862473D71567FFEE553C', 64267, 8696, -117, -37]
['525049494F5400000000000000000000', 1, 2, -62, -31]
['525049494F5400000000000000000000', 1, 2, -62, -52]
['525049494F5400000000000000000000', 1, 2, -62, -33]
['525049494F5400000000000000000000', 1, 2, -62, -52]
['525049494F5400000000000000000000', 1, 2, -62, -33]
['BEC4225B5F79862473D71567FFEE553C', 64267, 8696, -117, -33]
['525049494F5400000000000000000000', 1, 2, -62, -33]
['525049494F5400000000000000000000', 1, 2, -62, -53]
['525049494F5400000000000000000000', 1, 2, -62, -33]
['525049494F5400000000000000000000', 1, 2, -62, -33]
['525049494F5400000000000000000000', 1, 2, -62, -45]
['BEC4225B5F79862473D71567FFEE553C', 64267, 8696, -117, -45]
['525049494F5400000000000000000000', 1, 2, -62, -33]
['525049494F5400000000000000000000', 1, 2, -62, -33]
['525049494F5400000000000000000000', 1, 2, -62, -33]
['525049494F5400000000000000000000', 1, 2, -62, -37]
['525049494F5400000000000000000000', 1, 2, -62, -33]
['525049494F5400000000000000000000', 1, 2, -62, -45]
['525049494F5400000000000000000000', 1, 2, -62, -33]
['525049494F5400000000000000000000', 1, 2, -62, -31]
['BEC4225B5F79862473D71567FFEE553C', 64267, 8696, -117, -37]
['525049494F5400000000000000000000', 1, 2, -62, -30]
['525049494F5400000000000000000000', 1, 2, -62, -46]
['525049494F5400000000000000000000', 1, 2, -62, -31]
['525049494F5400000000000000000000', 1, 2, -62, -46]
['525049494F5400000000000000000000', 1, 2, -62, -30]
['525049494F5400000000000000000000', 1, 2, -62, -48]
['BEC4225B5F79862473D71567FFEE553C', 64267, 8696, -117, -33]
['525049494F5400000000000000000000', 1, 2, -62, -30]
['525049494F5400000000000000000000', 1, 2, -62, -48]
['525049494F5400000000000000000000', 1, 2, -62, -46]
['525049494F5400000000000000000000', 1, 2, -62, -48]
['BEC4225B5F79862473D71567FFEE553C', 64267, 8696, -117, -51]
['525049494F5400000000000000000000', 1, 2, -62, -37]
['525049494F5400000000000000000000', 1, 2, -62, -45]
['525049494F5400000000000000000000', 1, 2, -62, -30]
['525049494F5400000000000000000000', 1, 2, -62, -46]
['525049494F5400000000000000000000', 1, 2, -62, -46]
['525049494F5400000000000000000000', 1, 2, -62, -48]
['525049494F5400000000000000000000', 1, 2, -62, -47]
['525049494F5400000000000000000000', 1, 2, -62, -30]
['525049494F5400000000000000000000', 1, 2, -62, -37]
['BEC4225B5F79862473D71567FFEE553C', 64267, 8696, -117, -37]
['525049494F5400000000000000000000', 1, 2, -62, -37]
['525049494F5400000000000000000000', 1, 2, -62, -33]
['525049494F5400000000000000000000', 1, 2, -62, -37]
['525049494F5400000000000000000000', 1, 2, -62, -33]
['BEC4225B5F79862473D71567FFEE553C', 64267, 8696, -117, -47]
['525049494F5400000000000000000000', 1, 2, -62, -37]
['525049494F5400000000000000000000', 1, 2, -62, -30]
['525049494F5400000000000000000000', 1, 2, -62, -53]
['525049494F5400000000000000000000', 1, 2, -62, -30]
['525049494F5400000000000000000000', 1, 2, -62, -53]
['525049494F5400000000000000000000', 1, 2, -62, -31]
['BEC4225B5F79862473D71567FFEE553C', 64267, 8696, -117, -44]
['525049494F5400000000000000000000', 1, 2, -62, -48]
['525049494F5400000000000000000000', 1, 2, -62, -30]
['525049494F5400000000000000000000', 1, 2, -62, -37]
['525049494F5400000000000000000000', 1, 2, -62, -30]
['525049494F5400000000000000000000', 1, 2, -62, -30]
['BEC4225B5F79862473D71567FFEE553C', 64267, 8696, -117, -37]
['525049494F5400000000000000000000', 1, 2, -62, -48]
['525049494F5400000000000000000000', 1, 2, -62, -37]
['525049494F5400000000000000000000', 1, 2, -62, -31]
['525049494F5400000000000000000000', 1, 2, -62, -53]
['525049494F5400000000000000000000', 1, 2, -62, -30]
['525049494F5400000000000000000000', 1, 2, -62, -46]
['BEC4225B5F79862473D71567FFEE553C', 64267, 8696, -117, -47]
['525049494F5400000000000000000000', 1, 2, -62, -30]
['525049494F5400000000000000000000', 1, 2, -62, -48]
['525049494F5400000000000000000000', 1, 2, -62, -30]
['525049494F5400000000000000000000', 1, 2, -62, -48]
['525049494F5400000000000000000000', 1, 2, -62, -37]
['525049494F5400000000000000000000', 1, 2, -62, -33]
['525049494F5400000000000000000000', 1, 2, -62, -37]
['BEC4225B5F79862473D71567FFEE553C', 64267, 8696, -117, -33]
['525049494F5400000000000000000000', 1, 2, -62, -48]
['525049494F5400000000000000000000', 1, 2, -62, -53]
['525049494F5400000000000000000000', 1, 2, -62, -33]
['525049494F5400000000000000000000', 1, 2, -62, -53]
['525049494F5400000000000000000000', 1, 2, -62, -33]
['525049494F5400000000000000000000', 1, 2, -62, -53]
['BEC4225B5F79862473D71567FFEE553C', 64267, 8696, -117, -51]
['525049494F5400000000000000000000', 1, 2, -62, -33]
['525049494F5400000000000000000000', 1, 2, -62, -53]
['525049494F5400000000000000000000', 1, 2, -62, -33]
['525049494F5400000000000000000000', 1, 2, -62, -53]
['525049494F5400000000000000000000', 1, 2, -62, -31]
['525049494F5400000000000000000000', 1, 2, -62, -53]
['BEC4225B5F79862473D71567FFEE553C', 64267, 8696, -117, -53]
['525049494F5400000000000000000000', 1, 2, -62, -31]
['525049494F5400000000000000000000', 1, 2, -62, -48]
['525049494F5400000000000000000000', 1, 2, -62, -31]
['525049494F5400000000000000000000', 1, 2, -62, -33]
['525049494F5400000000000000000000', 1, 2, -62, -44]
['525049494F5400000000000000000000', 1, 2, -62, -33]
['BEC4225B5F79862473D71567FFEE553C', 64267, 8696, -117, -53]
['525049494F5400000000000000000000', 1, 2, -62, -44]
['525049494F5400000000000000000000', 1, 2, -62, -33]
['525049494F5400000000000000000000', 1, 2, -62, -53]
['525049494F5400000000000000000000', 1, 2, -62, -33]
['525049494F5400000000000000000000', 1, 2, -62, -51]
['525049494F5400000000000000000000', 1, 2, -62, -33]
['BEC4225B5F79862473D71567FFEE553C', 64267, 8696, -117, -33]
['525049494F5400000000000000000000', 1, 2, -62, -33]
['525049494F5400000000000000000000', 1, 2, -62, -53]
['525049494F5400000000000000000000', 1, 2, -62, -33]
['525049494F5400000000000000000000', 1, 2, -62, -33]
['525049494F5400000000000000000000', 1, 2, -62, -53]
['BEC4225B5F79862473D71567FFEE553C', 64267, 8696, -117, -31]
['525049494F5400000000000000000000', 1, 2, -62, -31]
['525049494F5400000000000000000000', 1, 2, -62, -48]
['525049494F5400000000000000000000', 1, 2, -62, -34]
['525049494F5400000000000000000000', 1, 2, -62, -37]
['525049494F5400000000000000000000', 1, 2, -62, -33]
['BEC4225B5F79862473D71567FFEE553C', 64267, 8696, -117, -37]
['525049494F5400000000000000000000', 1, 2, -62, -33]
['525049494F5400000000000000000000', 1, 2, -62, -53]
['525049494F5400000000000000000000', 1, 2, -62, -33]
['525049494F5400000000000000000000', 1, 2, -62, -53]
['525049494F5400000000000000000000', 1, 2, -62, -30]
['525049494F5400000000000000000000', 1, 2, -62, -48]
['BEC4225B5F79862473D71567FFEE553C', 64267, 8696, -117, -53]
['525049494F5400000000000000000000', 1, 2, -62, -30]
['525049494F5400000000000000000000', 1, 2, -62, -31]
['525049494F5400000000000000000000', 1, 2, -62, -53]
['525049494F5400000000000000000000', 1, 2, -62, -53]
['BEC4225B5F79862473D71567FFEE553C', 64267, 8696, -117, -37]
['525049494F5400000000000000000000', 1, 2, -62, -39]
['525049494F5400000000000000000000', 1, 2, -62, -53]
['525049494F5400000000000000000000', 1, 2, -62, -30]
['525049494F5400000000000000000000', 1, 2, -62, -48]
['525049494F5400000000000000000000', 1, 2, -62, -37]
['525049494F5400000000000000000000', 1, 2, -62, -31]
['BEC4225B5F79862473D71567FFEE553C', 64267, 8696, -117, -33]
['525049494F5400000000000000000000', 1, 2, -62, -53]
['525049494F5400000000000000000000', 1, 2, -62, -31]
['525049494F5400000000000000000000', 1, 2, -62, -53]
['525049494F5400000000000000000000', 1, 2, -62, -30]
['525049494F5400000000000000000000', 1, 2, -62, -48]
['BEC4225B5F79862473D71567FFEE553C', 64267, 8696, -117, -30]
['525049494F5400000000000000000000', 1, 2, -62, -48]
['525049494F5400000000000000000000', 1, 2, -62, -30]
['525049494F5400000000000000000000', 1, 2, -62, -37]
['525049494F5400000000000000000000', 1, 2, -62, -31]
['525049494F5400000000000000000000', 1, 2, -62, -37]
['525049494F5400000000000000000000', 1, 2, -62, -30]
['525049494F5400000000000000000000', 1, 2, -62, -33]
['BEC4225B5F79862473D71567FFEE553C', 64267, 8696, -117, -53]
['525049494F5400000000000000000000', 1, 2, -62, -31]
['525049494F5400000000000000000000', 1, 2, -62, -33]
['525049494F5400000000000000000000', 1, 2, -62, -33]
['525049494F5400000000000000000000', 1, 2, -62, -52]
['525049494F5400000000000000000000', 1, 2, -62, -31]
['525049494F5400000000000000000000', 1, 2, -62, -53]
['525049494F5400000000000000000000', 1, 2, -62, -33]
['525049494F5400000000000000000000', 1, 2, -62, -33]
['525049494F5400000000000000000000', 1, 2, -62, -52]
['525049494F5400000000000000000000', 1, 2, -62, -31]
['BEC4225B5F79862473D71567FFEE553C', 64267, 8696, -117, -33]
['525049494F5400000000000000000000', 1, 2, -62, -30]
['525049494F5400000000000000000000', 1, 2, -62, -53]
['525049494F5400000000000000000000', 1, 2, -62, -57]
['525049494F5400000000000000000000', 1, 2, -62, -52]
['525049494F5400000000000000000000', 1, 2, -62, -30]
['BEC4225B5F79862473D71567FFEE553C', 64267, 8696, -117, -44]
['525049494F5400000000000000000000', 1, 2, -62, -53]
['525049494F5400000000000000000000', 1, 2, -62, -30]
['525049494F5400000000000000000000', 1, 2, -62, -53]
['525049494F5400000000000000000000', 1, 2, -62, -30]
['525049494F5400000000000000000000', 1, 2, -62, -53]
['525049494F5400000000000000000000', 1, 2, -62, -31]
['525049494F5400000000000000000000', 1, 2, -62, -53]
['BEC4225B5F79862473D71567FFEE553C', 64267, 8696, -117, -53]
['525049494F5400000000000000000000', 1, 2, -62, -31]
['525049494F5400000000000000000000', 1, 2, -62, -47]
['525049494F5400000000000000000000', 1, 2, -62, -30]
['525049494F5400000000000000000000', 1, 2, -62, -46]
['525049494F5400000000000000000000', 1, 2, -62, -30]
['525049494F5400000000000000000000', 1, 2, -62, -53]
['BEC4225B5F79862473D71567FFEE553C', 64267, 8696, -117, -33]
['525049494F5400000000000000000000', 1, 2, -62, -30]
['525049494F5400000000000000000000', 1, 2, -62, -52]
['525049494F5400000000000000000000', 1, 2, -62, -30]
['525049494F5400000000000000000000', 1, 2, -62, -48]
['525049494F5400000000000000000000', 1, 2, -62, -30]
['525049494F5400000000000000000000', 1, 2, -62, -48]
['BEC4225B5F79862473D71567FFEE553C', 64267, 8696, -117, -31]
['525049494F5400000000000000000000', 1, 2, -62, -30]
['525049494F5400000000000000000000', 1, 2, -62, -48]
['525049494F5400000000000000000000', 1, 2, -62, -30]
['525049494F5400000000000000000000', 1, 2, -62, -48]
['525049494F5400000000000000000000', 1, 2, -62, -30]
['525049494F5400000000000000000000', 1, 2, -62, -48]
['525049494F5400000000000000000000', 1, 2, -62, -33]
['525049494F5400000000000000000000', 1, 2, -62, -52]
['525049494F5400000000000000000000', 1, 2, -62, -33]
['525049494F5400000000000000000000', 1, 2, -62, -33]
['BEC4225B5F79862473D71567FFEE553C', 64267, 8696, -117, -48]
['525049494F5400000000000000000000', 1, 2, -62, -44]
['525049494F5400000000000000000000', 1, 2, -62, -33]

