['525049494F5400000000000000000000', 1, 2, -62, -54]
['525049494F5400000000000000000000', 1, 2, -62, -35]
['525049494F5400000000000000000000', 1, 2, -62, -46]
['525049494F5400000000000000000000', 1, 2, -62, -36]
['525049494F5400000000000000000000', 1, 2, -62, -36]
['525049494F5400000000000000000000', 1, 2, -62, -46]
['525049494F5400000000000000000000', 1, 2, -62, -37]
['525049494F5400000000000000000000', 1, 2, -62, -46]
['525049494F5400000000000000000000', 1, 2, -62, -35]
['525049494F5400000000000000000000', 1, 2, -62, -48]
['525049494F5400000000000000000000', 1, 2, -62, -36]
['525049494F5400000000000000000000', 1, 2, -62, -46]
['BEC4225B5F79862473D71567FFEE553C', 64267, 8696, -117, -37]
['525049494F5400000000000000000000', 1, 2, -62, -37]
['525049494F5400000000000000000000', 1, 2, -62, -46]
['525049494F5400000000000000000000', 1, 2, -62, -36]
['525049494F5400000000000000000000', 1, 2, -62, -46]
['525049494F5400000000000000000000', 1, 2, -62, -36]
['525049494F5400000000000000000000', 1, 2, -62, -52]
['BEC4225B5F79862473D71567FFEE553C', 64267, 8696, -117, -54]
['525049494F5400000000000000000000', 1, 2, -62, -35]
['525049494F5400000000000000000000', 1, 2, -62, -46]
['525049494F5400000000000000000000', 1, 2, -62, -36]
['525049494F5400000000000000000000', 1, 2, -62, -46]
['525049494F5400000000000000000000', 1, 2, -62, -37]
['525049494F5400000000000000000000', 1, 2, -62, -48]
['BEC4225B5F79862473D71567FFEE553C', 64267, 8696, -117, -51]
['525049494F5400000000000000000000', 1, 2, -62, -36]
['525049494F5400000000000000000000', 1, 2, -62, -48]
['525049494F5400000000000000000000', 1, 2, -62, -37]
['525049494F5400000000000000000000', 1, 2, -62, -46]
['525049494F5400000000000000000000', 1, 2, -62, -36]
['525049494F5400000000000000000000', 1, 2, -62, -53]
['BEC4225B5F79862473D71567FFEE553C', 64267, 8696, -117, -36]
['525049494F5400000000000000000000', 1, 2, -62, -36]
['525049494F5400000000000000000000', 1, 2, -62, -52]
['525049494F5400000000000000000000', 1, 2, -62, -35]
['525049494F5400000000000000000000', 1, 2, -62, -52]
['525049494F5400000000000000000000', 1, 2, -62, -34]
['525049494F5400000000000000000000', 1, 2, -62, -52]
['BEC4225B5F79862473D71567FFEE553C', 64267, 8696, -117, -34]
['525049494F5400000000000000000000', 1, 2, -62, -52]
['525049494F5400000000000000000000', 1, 2, -62, -60]
['525049494F5400000000000000000000', 1, 2, -62, -52]
['525049494F5400000000000000000000', 1, 2, -62, -55]
['525049494F5400000000000000000000', 1, 2, -62, -36]
['525049494F5400000000000000000000', 1, 2, -62, -34]
['BEC4225B5F79862473D71567FFEE553C', 64267, 8696, -117, -52]
['525049494F5400000000000000000000', 1, 2, -62, -36]
['525049494F5400000000000000000000', 1, 2, -62, -34]
['525049494F5400000000000000000000', 1, 2, -62, -37]
['525049494F5400000000000000000000', 1, 2, -62, -35]
['525049494F5400000000000000000000', 1, 2, -62, -37]
['525049494F5400000000000000000000', 1, 2, -62, -34]
['BEC4225B5F79862473D71567FFEE553C', 64267, 8696, -117, -50]
['525049494F5400000000000000000000', 1, 2, -62, -36]
['525049494F5400000000000000000000', 1, 2, -62, -46]
['525049494F5400000000000000000000', 1, 2, -62, -36]
['525049494F5400000000000000000000', 1, 2, -62, -46]
['525049494F5400000000000000000000', 1, 2, -62, -36]
['525049494F5400000000000000000000', 1, 2, -62, -46]
['BEC4225B5F79862473D71567FFEE553C', 64267, 8696, -117, -35]
['525049494F5400000000000000000000', 1, 2, -62, -46]
['525049494F5400000000000000000000', 1, 2, -62, -36]
['525049494F5400000000000000000000', 1, 2, -62, -46]
['0100018FDB11C384530B02011A07FF4C', 16, 523, 0, -101]
['525049494F5400000000000000000000', 1, 2, -62, -35]
['525049494F5400000000000000000000', 1, 2, -62, -48]
['525049494F5400000000000000000000', 1, 2, -62, -36]
['BEC4225B5F79862473D71567FFEE553C', 64267, 8696, -117, -34]
['525049494F5400000000000000000000', 1, 2, -62, -46]
['525049494F5400000000000000000000', 1, 2, -62, -36]
['0100018FDB11C384530B02011A07FF4C', 16, 523, 0, -85]
['525049494F5400000000000000000000', 1, 2, -62, -34]
['525049494F5400000000000000000000', 1, 2, -62, -34]
['525049494F5400000000000000000000', 1, 2, -62, -50]
['BEC4225B5F79862473D71567FFEE553C', 64267, 8696, -117, -37]
['525049494F5400000000000000000000', 1, 2, -62, -34]
['525049494F5400000000000000000000', 1, 2, -62, -51]
['525049494F5400000000000000000000', 1, 2, -62, -50]
['0100018FDB11C384530B02011A07FF4C', 16, 523, 0, -95]
['525049494F5400000000000000000000', 1, 2, -62, -37]
['525049494F5400000000000000000000', 1, 2, -62, -46]
['BEC4225B5F79862473D71567FFEE553C', 64267, 8696, -117, -51]
['525049494F5400000000000000000000', 1, 2, -62, -37]
['525049494F5400000000000000000000', 1, 2, -62, -35]
['525049494F5400000000000000000000', 1, 2, -62, -34]
['0100018FDB11C384530B02011A07FF4C', 16, 523, 0, -105]
['525049494F5400000000000000000000', 1, 2, -62, -35]
['525049494F5400000000000000000000', 1, 2, -62, -36]
['BEC4225B5F79862473D71567FFEE553C', 64267, 8696, -117, -36]
['525049494F5400000000000000000000', 1, 2, -62, -37]
['525049494F5400000000000000000000', 1, 2, -62, -46]
['525049494F5400000000000000000000', 1, 2, -62, -65]
['525049494F5400000000000000000000', 1, 2, -62, -36]
['525049494F5400000000000000000000', 1, 2, -62, -37]
['525049494F5400000000000000000000', 1, 2, -62, -48]
['525049494F5400000000000000000000', 1, 2, -62, -37]
['525049494F5400000000000000000000', 1, 2, -62, -48]
['525049494F5400000000000000000000', 1, 2, -62, -36]
['525049494F5400000000000000000000', 1, 2, -62, -46]
['525049494F5400000000000000000000', 1, 2, -62, -36]
['525049494F5400000000000000000000', 1, 2, -62, -46]
['525049494F5400000000000000000000', 1, 2, -62, -36]
['BEC4225B5F79862473D71567FFEE553C', 64267, 8696, -117, -52]
['525049494F5400000000000000000000', 1, 2, -62, -48]
['525049494F5400000000000000000000', 1, 2, -62, -37]
['525049494F5400000000000000000000', 1, 2, -62, -46]
['525049494F5400000000000000000000', 1, 2, -62, -36]
['525049494F5400000000000000000000', 1, 2, -62, -46]
['525049494F5400000000000000000000', 1, 2, -62, -35]
['BEC4225B5F79862473D71567FFEE553C', 64267, 8696, -117, -37]
['525049494F5400000000000000000000', 1, 2, -62, -46]
['525049494F5400000000000000000000', 1, 2, -62, -46]
['525049494F5400000000000000000000', 1, 2, -62, -37]
['525049494F5400000000000000000000', 1, 2, -62, -34]
['525049494F5400000000000000000000', 1, 2, -62, -37]
['BEC4225B5F79862473D71567FFEE553C', 64267, 8696, -117, -36]
['0100018FDB11C384530B02011A07FF4C', 16, 523, 0, -89]
['525049494F5400000000000000000000', 1, 2, -62, -36]
['525049494F5400000000000000000000', 1, 2, -62, -51]
['0100018FDB11C384530B02011A07FF4C', 16, 523, 0, -103]
['525049494F5400000000000000000000', 1, 2, -62, -37]
['525049494F5400000000000000000000', 1, 2, -62, -51]
['525049494F5400000000000000000000', 1, 2, -62, -34]
['BEC4225B5F79862473D71567FFEE553C', 64267, 8696, -117, -36]
['525049494F5400000000000000000000', 1, 2, -62, -51]
['525049494F5400000000000000000000', 1, 2, -62, -34]
['525049494F5400000000000000000000', 1, 2, -62, -35]
['525049494F5400000000000000000000', 1, 2, -62, -36]
['525049494F5400000000000000000000', 1, 2, -62, -35]
['BEC4225B5F79862473D71567FFEE553C', 64267, 8696, -117, -46]
['525049494F5400000000000000000000', 1, 2, -62, -42]
['0100018FDB11C384530B02011A07FF4C', 16, 523, 0, -88]
['525049494F5400000000000000000000', 1, 2, -62, -51]
['525049494F5400000000000000000000', 1, 2, -62, -37]
['0100018FDB11C384530B02011A07FF4C', 16, 523, 0, -85]
['525049494F5400000000000000000000', 1, 2, -62, -36]
['525049494F5400000000000000000000', 1, 2, -62, -34]
['525049494F5400000000000000000000', 1, 2, -62, -37]
['0100018FDB11C384530B02011A07FF4C', 16, 523, 0, -96]
['BEC4225B5F79862473D71567FFEE553C', 64267, 8696, -117, -37]
['525049494F5400000000000000000000', 1, 2, -62, -34]
['525049494F5400000000000000000000', 1, 2, -62, -53]
['525049494F5400000000000000000000', 1, 2, -62, -36]
['525049494F5400000000000000000000', 1, 2, -62, -53]
['525049494F5400000000000000000000', 1, 2, -62, -36]
['525049494F5400000000000000000000', 1, 2, -62, -34]
['BEC4225B5F79862473D71567FFEE553C', 64267, 8696, -117, -36]
['525049494F5400000000000000000000', 1, 2, -62, -36]
['0100018FDB11C384530B02011A07FF4C', 16, 523, 0, -90]
['525049494F5400000000000000000000', 1, 2, -62, -37]
['525049494F5400000000000000000000', 1, 2, -62, -35]
['525049494F5400000000000000000000', 1, 2, -62, -34]
['525049494F5400000000000000000000', 1, 2, -62, -34]
['BEC4225B5F79862473D71567FFEE553C', 64267, 8696, -117, -34]
['525049494F5400000000000000000000', 1, 2, -62, -35]
['525049494F5400000000000000000000', 1, 2, -62, -37]
['525049494F5400000000000000000000', 1, 2, -62, -36]
['525049494F5400000000000000000000', 1, 2, -62, -37]
['525049494F5400000000000000000000', 1, 2, -62, -50]
['525049494F5400000000000000000000', 1, 2, -62, -36]
['525049494F5400000000000000000000', 1, 2, -62, -51]
['525049494F5400000000000000000000', 1, 2, -62, -34]
['0100018FDB11C384530B02011A07FF4C', 16, 523, 0, -99]
['525049494F5400000000000000000000', 1, 2, -62, -34]
['000C0E003DA89F73BF208491F9A7FF34', 48656, 523, 0, -82]
['000C0E003DA89F73BF208491F9A7FF34', 48656, 523, 0, -86]
['000C0E003DA89F73BF208491F9A7FF34', 48656, 523, 0, -97]
['BEC4225B5F79862473D71567FFEE553C', 64267, 8696, -117, -37]
['525049494F5400000000000000000000', 1, 2, -62, -34]
['000C0E003DA89F73BF208491F9A7FF34', 48656, 523, 0, -89]
['000C0E003DA89F73BF208491F9A7FF34', 48656, 523, 0, -97]
['525049494F5400000000000000000000', 1, 2, -62, -53]
['000C0E003DA89F73BF208491F9A7FF34', 48656, 523, 0, -86]
['000C0E003DA89F73BF208491F9A7FF34', 48656, 523, 0, -96]
['000C0E003DA89F73BF208491F9A7FF34', 48656, 523, 0, -103]
['525049494F5400000000000000000000', 1, 2, -62, -53]
['000C0E003DA89F73BF208491F9A7FF34', 48656, 523, 0, -90]
['525049494F5400000000000000000000', 1, 2, -62, -34]
['000C0E003DA89F73BF208491F9A7FF34', 48656, 523, 0, -100]
['000C0E003DA89F73BF208491F9A7FF34', 48656, 523, 0, -90]
['000C0E003DA89F73BF208491F9A7FF34', 48656, 523, 0, -91]
['525049494F5400000000000000000000', 1, 2, -62, -52]
['BEC4225B5F79862473D71567FFEE553C', 64267, 8696, -117, -35]
['000C0E003DA89F73BF208491F9A7FF34', 48656, 523, 0, -91]
['000C0E003DA89F73BF208491F9A7FF34', 48656, 523, 0, -86]
['525049494F5400000000000000000000', 1, 2, -62, -34]
['000C0E003DA89F73BF208491F9A7FF34', 48656, 523, 0, -96]
['000C0E003DA89F73BF208491F9A7FF34', 48656, 523, 0, -85]
['000C0E003DA89F73BF208491F9A7FF34', 48656, 523, 0, -96]
['525049494F5400000000000000000000', 1, 2, -62, -50]
['000C0E003DA89F73BF208491F9A7FF34', 48656, 523, 0, -86]
['525049494F5400000000000000000000', 1, 2, -62, -34]
['525049494F5400000000000000000000', 1, 2, -62, -51]
['000C0E003DA89F73BF208491F9A7FF34', 48656, 523, 0, -99]
['525049494F5400000000000000000000', 1, 2, -62, -34]
['000C0E003DA89F73BF208491F9A7FF34', 48656, 523, 0, -99]
['000C0E003DA89F73BF208491F9A7FF34', 48656, 523, 0, -90]
['525049494F5400000000000000000000', 1, 2, -62, -53]
['BEC4225B5F79862473D71567FFEE553C', 64267, 8696, -117, -34]
['525049494F5400000000000000000000', 1, 2, -62, -34]
['000C0E003DA89F73BF208491F9A7FF34', 48656, 523, 0, -96]
['000C0E003DA89F73BF208491F9A7FF34', 48656, 523, 0, -97]
['525049494F5400000000000000000000', 1, 2, -62, -53]
['000C0E003DA89F73BF208491F9A7FF34', 48656, 523, 0, -87]
['000C0E003DA89F73BF208491F9A7FF34', 48656, 523, 0, -95]
['525049494F5400000000000000000000', 1, 2, -62, -34]
['000C0E003DA89F73BF208491F9A7FF34', 48656, 523, 0, -96]
['525049494F5400000000000000000000', 1, 2, -62, -53]
['525049494F5400000000000000000000', 1, 2, -62, -34]
['525049494F5400000000000000000000', 1, 2, -62, -52]
['BEC4225B5F79862473D71567FFEE553C', 64267, 8696, -117, -53]
['525049494F5400000000000000000000', 1, 2, -62, -34]
['525049494F5400000000000000000000', 1, 2, -62, -53]
['525049494F5400000000000000000000', 1, 2, -62, -36]
['000C0E003DA89F73BF208491F9A7FF34', 48656, 523, 0, -99]
['525049494F5400000000000000000000', 1, 2, -62, -51]
['525049494F5400000000000000000000', 1, 2, -62, -34]
['BEC4225B5F79862473D71567FFEE553C', 64267, 8696, -117, -37]
['525049494F5400000000000000000000', 1, 2, -62, -52]
['000C0E003DA89F73BF208491F9A7FF34', 48656, 523, 0, -87]
['525049494F5400000000000000000000', 1, 2, -62, -34]
['525049494F5400000000000000000000', 1, 2, -62, -50]
['525049494F5400000000000000000000', 1, 2, -62, -37]
['525049494F5400000000000000000000', 1, 2, -62, -51]
['525049494F5400000000000000000000', 1, 2, -62, -60]
['BEC4225B5F79862473D71567FFEE553C', 64267, 8696, -117, -50]
['525049494F5400000000000000000000', 1, 2, -62, -52]
['525049494F5400000000000000000000', 1, 2, -62, -34]
['525049494F5400000000000000000000', 1, 2, -62, -50]
['525049494F5400000000000000000000', 1, 2, -62, -50]
['525049494F5400000000000000000000', 1, 2, -62, -34]
['000C0E003DA89F73BF208491F9A7FF34', 48656, 523, 0, -101]
['525049494F5400000000000000000000', 1, 2, -62, -36]
['BEC4225B5F79862473D71567FFEE553C', 64267, 8696, -117, -34]
['525049494F5400000000000000000000', 1, 2, -62, -54]
['525049494F5400000000000000000000', 1, 2, -62, -50]
['000C0E003DA89F73BF208491F9A7FF34', 48656, 523, 0, -90]
['525049494F5400000000000000000000', 1, 2, -62, -59]
['525049494F5400000000000000000000', 1, 2, -62, -51]
['000C0E003DA89F73BF208491F9A7FF34', 48656, 523, 0, -98]
['525049494F5400000000000000000000', 1, 2, -62, -34]
['525049494F5400000000000000000000', 1, 2, -62, -50]
['BEC4225B5F79862473D71567FFEE553C', 64267, 8696, -117, -34]
['525049494F5400000000000000000000', 1, 2, -62, -34]
['000C0E003DA89F73BF208491F9A7FF34', 48656, 523, 0, -97]
['525049494F5400000000000000000000', 1, 2, -62, -37]
['000C0E003DA89F73BF208491F9A7FF34', 48656, 523, 0, -87]
['525049494F5400000000000000000000', 1, 2, -62, -50]
['525049494F5400000000000000000000', 1, 2, -62, -34]
['525049494F5400000000000000000000', 1, 2, -62, -53]
['BEC4225B5F79862473D71567FFEE553C', 64267, 8696, -117, -53]
['525049494F5400000000000000000000', 1, 2, -62, -34]
['525049494F5400000000000000000000', 1, 2, -62, -51]
['525049494F5400000000000000000000', 1, 2, -62, -34]
['525049494F5400000000000000000000', 1, 2, -62, -52]
['000C0E003DA89F73BF208491F9A7FF34', 48656, 523, 0, -98]
['525049494F5400000000000000000000', 1, 2, -62, -34]
['525049494F5400000000000000000000', 1, 2, -62, -51]
['000C0E003DA89F73BF208491F9A7FF34', 48656, 523, 0, -91]
['BEC4225B5F79862473D71567FFEE553C', 64267, 8696, -117, -52]
['525049494F5400000000000000000000', 1, 2, -62, -34]
['000C0E003DA89F73BF208491F9A7FF34', 48656, 523, 0, -99]
['525049494F5400000000000000000000', 1, 2, -62, -36]
['000C0E003DA89F73BF208491F9A7FF34', 48656, 523, 0, -88]
['525049494F5400000000000000000000', 1, 2, -62, -53]
['000C0E003DA89F73BF208491F9A7FF34', 48656, 523, 0, -85]
['525049494F5400000000000000000000', 1, 2, -62, -48]
['BEC4225B5F79862473D71567FFEE553C', 64267, 8696, -117, -36]
['525049494F5400000000000000000000', 1, 2, -62, -36]
['000C0E003DA89F73BF208491F9A7FF34', 48656, 523, 0, -95]
['525049494F5400000000000000000000', 1, 2, -62, -53]
['525049494F5400000000000000000000', 1, 2, -62, -35]
['525049494F5400000000000000000000', 1, 2, -62, -36]
['525049494F5400000000000000000000', 1, 2, -62, -46]
['525049494F5400000000000000000000', 1, 2, -62, -36]
['BEC4225B5F79862473D71567FFEE553C', 64267, 8696, -117, -48]
['525049494F5400000000000000000000', 1, 2, -62, -46]
['525049494F5400000000000000000000', 1, 2, -62, -48]
['525049494F5400000000000000000000', 1, 2, -62, -46]
['BEC4225B5F79862473D71567FFEE553C', 64267, 8696, -117, -52]
['000C0E003DA89F73BF208491F9A7FF34', 48656, 523, 0, -87]
['525049494F5400000000000000000000', 1, 2, -62, -46]
['525049494F5400000000000000000000', 1, 2, -62, -37]
['000C0E003DA89F73BF208491F9A7FF34', 48656, 523, 0, -98]
['525049494F5400000000000000000000', 1, 2, -62, -46]
['525049494F5400000000000000000000', 1, 2, -62, -37]
['525049494F5400000000000000000000', 1, 2, -62, -48]
['BEC4225B5F79862473D71567FFEE553C', 64267, 8696, -117, -51]
['525049494F5400000000000000000000', 1, 2, -62, -34]
['525049494F5400000000000000000000', 1, 2, -62, -36]
['525049494F5400000000000000000000', 1, 2, -62, -36]
['525049494F5400000000000000000000', 1, 2, -62, -51]
['525049494F5400000000000000000000', 1, 2, -62, -36]
['525049494F5400000000000000000000', 1, 2, -62, -50]
['000C0E003DA89F73BF208491F9A7FF34', 48656, 523, 0, -98]
['BEC4225B5F79862473D71567FFEE553C', 64267, 8696, -117, -36]
['525049494F5400000000000000000000', 1, 2, -62, -36]
['525049494F5400000000000000000000', 1, 2, -62, -50]
['525049494F5400000000000000000000', 1, 2, -62, -50]
['525049494F5400000000000000000000', 1, 2, -62, -36]
['BEC4225B5F79862473D71567FFEE553C', 64267, 8696, -117, -34]
['525049494F5400000000000000000000', 1, 2, -62, -51]
['525049494F5400000000000000000000', 1, 2, -62, -36]
['525049494F5400000000000000000000', 1, 2, -62, -34]
['525049494F5400000000000000000000', 1, 2, -62, -37]
['525049494F5400000000000000000000', 1, 2, -62, -34]
['525049494F5400000000000000000000', 1, 2, -62, -37]
['BEC4225B5F79862473D71567FFEE553C', 64267, 8696, -117, -37]
['525049494F5400000000000000000000', 1, 2, -62, -34]
['000C0E003DA89F73BF208491F9A7FF34', 48656, 523, 0, -100]
['525049494F5400000000000000000000', 1, 2, -62, -36]
['525049494F5400000000000000000000', 1, 2, -62, -48]
['000C0E003DA89F73BF208491F9A7FF34', 48656, 523, 0, -87]
['525049494F5400000000000000000000', 1, 2, -62, -37]
['525049494F5400000000000000000000', 1, 2, -62, -48]
['000C0E003DA89F73BF208491F9A7FF34', 48656, 523, 0, -84]
['525049494F5400000000000000000000', 1, 2, -62, -36]
['BEC4225B5F79862473D71567FFEE553C', 64267, 8696, -117, -52]
['525049494F5400000000000000000000', 1, 2, -62, -50]
['000C0E003DA89F73BF208491F9A7FF34', 48656, 523, 0, -87]
['525049494F5400000000000000000000', 1, 2, -62, -37]
['525049494F5400000000000000000000', 1, 2, -62, -50]
['525049494F5400000000000000000000', 1, 2, -62, -50]
['525049494F5400000000000000000000', 1, 2, -62, -37]
['525049494F5400000000000000000000', 1, 2, -62, -50]
['525049494F5400000000000000000000', 1, 2, -62, -60]
['525049494F5400000000000000000000', 1, 2, -62, -51]
['000C0E003DA89F73BF208491F9A7FF34', 48656, 523, 0, -88]
['525049494F5400000000000000000000', 1, 2, -62, -37]
['525049494F5400000000000000000000', 1, 2, -62, -50]
['000C0E003DA89F73BF208491F9A7FF34', 48656, 523, 0, -100]
['525049494F5400000000000000000000', 1, 2, -62, -50]
['525049494F5400000000000000000000', 1, 2, -62, -60]
['525049494F5400000000000000000000', 1, 2, -62, -51]
['525049494F5400000000000000000000', 1, 2, -62, -34]
['525049494F5400000000000000000000', 1, 2, -62, -50]
['525049494F5400000000000000000000', 1, 2, -62, -50]
['BEC4225B5F79862473D71567FFEE553C', 64267, 8696, -117, -37]
['525049494F5400000000000000000000', 1, 2, -62, -37]
['525049494F5400000000000000000000', 1, 2, -62, -46]
['525049494F5400000000000000000000', 1, 2, -62, -37]
['525049494F5400000000000000000000', 1, 2, -62, -46]
['000C0E003DA89F73BF208491F9A7FF34', 48656, 523, 0, -91]
['525049494F5400000000000000000000', 1, 2, -62, -37]
['525049494F5400000000000000000000', 1, 2, -62, -48]
['BEC4225B5F79862473D71567FFEE553C', 64267, 8696, -117, -36]
['000C0E003DA89F73BF208491F9A7FF34', 48656, 523, 0, -100]
['525049494F5400000000000000000000', 1, 2, -62, -37]
['525049494F5400000000000000000000', 1, 2, -62, -37]
['000C0E003DA89F73BF208491F9A7FF34', 48656, 523, 0, -100]
['525049494F5400000000000000000000', 1, 2, -62, -36]
['525049494F5400000000000000000000', 1, 2, -62, -34]
['000C0E003DA89F73BF208491F9A7FF34', 48656, 523, 0, -86]
['525049494F5400000000000000000000', 1, 2, -62, -35]
['BEC4225B5F79862473D71567FFEE553C', 64267, 8696, -117, -48]
['525049494F5400000000000000000000', 1, 2, -62, -37]
['000C0E003DA89F73BF208491F9A7FF34', 48656, 523, 0, -85]
['525049494F5400000000000000000000', 1, 2, -62, -50]
['525049494F5400000000000000000000', 1, 2, -62, -34]
['000C0E003DA89F73BF208491F9A7FF34', 48656, 523, 0, -96]
['525049494F5400000000000000000000', 1, 2, -62, -51]
['525049494F5400000000000000000000', 1, 2, -62, -34]
['525049494F5400000000000000000000', 1, 2, -62, -50]
['BEC4225B5F79862473D71567FFEE553C', 64267, 8696, -117, -34]
['525049494F5400000000000000000000', 1, 2, -62, -37]
['525049494F5400000000000000000000', 1, 2, -62, -48]
['525049494F5400000000000000000000', 1, 2, -62, -37]
['525049494F5400000000000000000000', 1, 2, -62, -35]
['000C0E003DA89F73BF208491F9A7FF34', 48656, 523, 0, -91]

