['525049494F5400000000000000000000', 1, 2, -62, -63]
['525049494F5400000000000000000000', 1, 2, -62, -49]
['525049494F5400000000000000000000', 1, 2, -62, -64]
['BEC4225B5F79862473D71567FFEE553D', 64267, 8696, -117, -62]
['525049494F5400000000000000000000', 1, 2, -62, -49]
['525049494F5400000000000000000000', 1, 2, -62, -64]
['525049494F5400000000000000000000', 1, 2, -62, -42]
['525049494F5400000000000000000000', 1, 2, -62, -64]
['525049494F5400000000000000000000', 1, 2, -62, -49]
['525049494F5400000000000000000000', 1, 2, -62, -64]
['BEC4225B5F79862473D71567FFEE553D', 64267, 8696, -117, -58]
['525049494F5400000000000000000000', 1, 2, -62, -42]
['525049494F5400000000000000000000', 1, 2, -62, -64]
['525049494F5400000000000000000000', 1, 2, -62, -48]
['525049494F5400000000000000000000', 1, 2, -62, -64]
['525049494F5400000000000000000000', 1, 2, -62, -44]
['525049494F5400000000000000000000', 1, 2, -62, -63]
['525049494F5400000000000000000000', 1, 2, -62, -47]
['525049494F5400000000000000000000', 1, 2, -62, -58]
['525049494F5400000000000000000000', 1, 2, -62, -48]
['525049494F5400000000000000000000', 1, 2, -62, -58]
['525049494F5400000000000000000000', 1, 2, -62, -48]
['525049494F5400000000000000000000', 1, 2, -62, -43]
['525049494F5400000000000000000000', 1, 2, -62, -48]
['BEC4225B5F79862473D71567FFEE553D', 64267, 8696, -117, -63]
['525049494F5400000000000000000000', 1, 2, -62, -42]
['525049494F5400000000000000000000', 1, 2, -62, -48]
['525049494F5400000000000000000000', 1, 2, -62, -48]
['525049494F5400000000000000000000', 1, 2, -62, -47]
['525049494F5400000000000000000000', 1, 2, -62, -58]
['BEC4225B5F79862473D71567FFEE553D', 64267, 8696, -117, -63]
['525049494F5400000000000000000000', 1, 2, -62, -58]
['525049494F5400000000000000000000', 1, 2, -62, -74]
['525049494F5400000000000000000000', 1, 2, -62, -64]
['525049494F5400000000000000000000', 1, 2, -62, -49]
['525049494F5400000000000000000000', 1, 2, -62, -63]
['BEC4225B5F79862473D71567FFEE553D', 64267, 8696, -117, -44]
['525049494F5400000000000000000000', 1, 2, -62, -49]
['525049494F5400000000000000000000', 1, 2, -62, -64]
['525049494F5400000000000000000000', 1, 2, -62, -49]
['525049494F5400000000000000000000', 1, 2, -62, -64]
['525049494F5400000000000000000000', 1, 2, -62, -49]
['525049494F5400000000000000000000', 1, 2, -62, -64]
['525049494F5400000000000000000000', 1, 2, -62, -42]
['BEC4225B5F79862473D71567FFEE553D', 64267, 8696, -117, -63]
['525049494F5400000000000000000000', 1, 2, -62, -64]
['525049494F5400000000000000000000', 1, 2, -62, -49]
['525049494F5400000000000000000000', 1, 2, -62, -42]
['525049494F5400000000000000000000', 1, 2, -62, -49]
['525049494F5400000000000000000000', 1, 2, -62, -48]
['BEC4225B5F79862473D71567FFEE553D', 64267, 8696, -117, -63]
['525049494F5400000000000000000000', 1, 2, -62, -63]
['525049494F5400000000000000000000', 1, 2, -62, -49]
['525049494F5400000000000000000000', 1, 2, -62, -80]
['525049494F5400000000000000000000', 1, 2, -62, -50]
['525049494F5400000000000000000000', 1, 2, -62, -74]
['BEC4225B5F79862473D71567FFEE553D', 64267, 8696, -117, -57]
['525049494F5400000000000000000000', 1, 2, -62, -63]
['525049494F5400000000000000000000', 1, 2, -62, -50]
['525049494F5400000000000000000000', 1, 2, -62, -48]
['525049494F5400000000000000000000', 1, 2, -62, -58]
['525049494F5400000000000000000000', 1, 2, -62, -48]
['525049494F5400000000000000000000', 1, 2, -62, -58]
['525049494F5400000000000000000000', 1, 2, -62, -48]
['525049494F5400000000000000000000', 1, 2, -62, -58]
['525049494F5400000000000000000000', 1, 2, -62, -48]
['525049494F5400000000000000000000', 1, 2, -62, -58]
['525049494F5400000000000000000000', 1, 2, -62, -49]
['525049494F5400000000000000000000', 1, 2, -62, -42]
['BEC4225B5F79862473D71567FFEE553D', 64267, 8696, -117, -48]
['525049494F5400000000000000000000', 1, 2, -62, -44]
['525049494F5400000000000000000000', 1, 2, -62, -62]
['525049494F5400000000000000000000', 1, 2, -62, -64]
['525049494F5400000000000000000000', 1, 2, -62, -48]
['BEC4225B5F79862473D71567FFEE553D', 64267, 8696, -117, -49]
['525049494F5400000000000000000000', 1, 2, -62, -64]
['525049494F5400000000000000000000', 1, 2, -62, -48]
['525049494F5400000000000000000000', 1, 2, -62, -64]
['525049494F5400000000000000000000', 1, 2, -62, -48]
['525049494F5400000000000000000000', 1, 2, -62, -63]
['BEC4225B5F79862473D71567FFEE553D', 64267, 8696, -117, -57]
['525049494F5400000000000000000000', 1, 2, -62, -44]
['525049494F5400000000000000000000', 1, 2, -62, -64]
['525049494F5400000000000000000000', 1, 2, -62, -43]
['525049494F5400000000000000000000', 1, 2, -62, -47]
['525049494F5400000000000000000000', 1, 2, -62, -43]
['525049494F5400000000000000000000', 1, 2, -62, -48]
['BEC4225B5F79862473D71567FFEE553D', 64267, 8696, -117, -64]
['525049494F5400000000000000000000', 1, 2, -62, -44]
['525049494F5400000000000000000000', 1, 2, -62, -76]
['525049494F5400000000000000000000', 1, 2, -62, -42]
['525049494F5400000000000000000000', 1, 2, -62, -48]
['525049494F5400000000000000000000', 1, 2, -62, -48]
['BEC4225B5F79862473D71567FFEE553D', 64267, 8696, -117, -48]
['525049494F5400000000000000000000', 1, 2, -62, -49]
['525049494F5400000000000000000000', 1, 2, -62, -58]
['525049494F5400000000000000000000', 1, 2, -62, -48]
['525049494F5400000000000000000000', 1, 2, -62, -62]
['525049494F5400000000000000000000', 1, 2, -62, -44]
['BEC4225B5F79862473D71567FFEE553D', 64267, 8696, -117, -62]
['525049494F5400000000000000000000', 1, 2, -62, -64]
['525049494F5400000000000000000000', 1, 2, -62, -44]
['525049494F5400000000000000000000', 1, 2, -62, -64]
['525049494F5400000000000000000000', 1, 2, -62, -44]
['525049494F5400000000000000000000', 1, 2, -62, -64]
['525049494F5400000000000000000000', 1, 2, -62, -49]
['BEC4225B5F79862473D71567FFEE553D', 64267, 8696, -117, -44]
['525049494F5400000000000000000000', 1, 2, -62, -49]
['525049494F5400000000000000000000', 1, 2, -62, -44]
['525049494F5400000000000000000000', 1, 2, -62, -47]
['525049494F5400000000000000000000', 1, 2, -62, -44]
['525049494F5400000000000000000000', 1, 2, -62, -49]
['525049494F5400000000000000000000', 1, 2, -62, -64]
['BEC4225B5F79862473D71567FFEE553D', 64267, 8696, -117, -48]
['525049494F5400000000000000000000', 1, 2, -62, -44]
['525049494F5400000000000000000000', 1, 2, -62, -64]
['525049494F5400000000000000000000', 1, 2, -62, -43]
['525049494F5400000000000000000000', 1, 2, -62, -64]
['525049494F5400000000000000000000', 1, 2, -62, -43]
['525049494F5400000000000000000000', 1, 2, -62, -49]
['BEC4225B5F79862473D71567FFEE553D', 64267, 8696, -117, -49]
['525049494F5400000000000000000000', 1, 2, -62, -64]
['525049494F5400000000000000000000', 1, 2, -62, -48]
['525049494F5400000000000000000000', 1, 2, -62, -43]
['525049494F5400000000000000000000', 1, 2, -62, -48]
['525049494F5400000000000000000000', 1, 2, -62, -49]
['BEC4225B5F79862473D71567FFEE553D', 64267, 8696, -117, -49]
['525049494F5400000000000000000000', 1, 2, -62, -47]
['525049494F5400000000000000000000', 1, 2, -62, -58]
['525049494F5400000000000000000000', 1, 2, -62, -49]
['525049494F5400000000000000000000', 1, 2, -62, -64]
['525049494F5400000000000000000000', 1, 2, -62, -49]
['525049494F5400000000000000000000', 1, 2, -62, -64]
['525049494F5400000000000000000000', 1, 2, -62, -73]
['BEC4225B5F79862473D71567FFEE553D', 64267, 8696, -117, -58]
['525049494F5400000000000000000000', 1, 2, -62, -49]
['525049494F5400000000000000000000', 1, 2, -62, -58]
['525049494F5400000000000000000000', 1, 2, -62, -49]
['525049494F5400000000000000000000', 1, 2, -62, -58]
['525049494F5400000000000000000000', 1, 2, -62, -49]
['BEC4225B5F79862473D71567FFEE553D', 64267, 8696, -117, -64]
['525049494F5400000000000000000000', 1, 2, -62, -49]
['525049494F5400000000000000000000', 1, 2, -62, -58]
['525049494F5400000000000000000000', 1, 2, -62, -49]
['525049494F5400000000000000000000', 1, 2, -62, -49]
['BEC4225B5F79862473D71567FFEE553D', 64267, 8696, -117, -49]
['525049494F5400000000000000000000', 1, 2, -62, -63]
['525049494F5400000000000000000000', 1, 2, -62, -49]
['525049494F5400000000000000000000', 1, 2, -62, -58]
['525049494F5400000000000000000000', 1, 2, -62, -49]
['525049494F5400000000000000000000', 1, 2, -62, -57]
['525049494F5400000000000000000000', 1, 2, -62, -49]
['BEC4225B5F79862473D71567FFEE553D', 64267, 8696, -117, -43]
['525049494F5400000000000000000000', 1, 2, -62, -49]
['525049494F5400000000000000000000', 1, 2, -62, -49]
['525049494F5400000000000000000000', 1, 2, -62, -64]
['525049494F5400000000000000000000', 1, 2, -62, -44]
['525049494F5400000000000000000000', 1, 2, -62, -48]
['BEC4225B5F79862473D71567FFEE553D', 64267, 8696, -117, -64]
['525049494F5400000000000000000000', 1, 2, -62, -48]
['525049494F5400000000000000000000', 1, 2, -62, -49]
['525049494F5400000000000000000000', 1, 2, -62, -43]
['525049494F5400000000000000000000', 1, 2, -62, -49]
['525049494F5400000000000000000000', 1, 2, -62, -44]
['BEC4225B5F79862473D71567FFEE553D', 64267, 8696, -117, -62]
['525049494F5400000000000000000000', 1, 2, -62, -49]
['525049494F5400000000000000000000', 1, 2, -62, -58]
['525049494F5400000000000000000000', 1, 2, -62, -49]
['525049494F5400000000000000000000', 1, 2, -62, -63]
['525049494F5400000000000000000000', 1, 2, -62, -44]
['525049494F5400000000000000000000', 1, 2, -62, -63]
['BEC4225B5F79862473D71567FFEE553D', 64267, 8696, -117, -48]
['525049494F5400000000000000000000', 1, 2, -62, -49]
['525049494F5400000000000000000000', 1, 2, -62, -43]
['525049494F5400000000000000000000', 1, 2, -62, -49]
['525049494F5400000000000000000000', 1, 2, -62, -43]
['525049494F5400000000000000000000', 1, 2, -62, -49]
['525049494F5400000000000000000000', 1, 2, -62, -43]
['BEC4225B5F79862473D71567FFEE553D', 64267, 8696, -117, -44]
['525049494F5400000000000000000000', 1, 2, -62, -49]
['525049494F5400000000000000000000', 1, 2, -62, -47]
['525049494F5400000000000000000000', 1, 2, -62, -49]
['525049494F5400000000000000000000', 1, 2, -62, -47]
['525049494F5400000000000000000000', 1, 2, -62, -48]
['525049494F5400000000000000000000', 1, 2, -62, -58]
['BEC4225B5F79862473D71567FFEE553D', 64267, 8696, -117, -44]
['525049494F5400000000000000000000', 1, 2, -62, -49]
['525049494F5400000000000000000000', 1, 2, -62, -57]
['525049494F5400000000000000000000', 1, 2, -62, -47]
['525049494F5400000000000000000000', 1, 2, -62, -57]
['525049494F5400000000000000000000', 1, 2, -62, -48]
['BEC4225B5F79862473D71567FFEE553D', 64267, 8696, -117, -64]
['525049494F5400000000000000000000', 1, 2, -62, -48]
['525049494F5400000000000000000000', 1, 2, -62, -63]
['525049494F5400000000000000000000', 1, 2, -62, -43]
['525049494F5400000000000000000000', 1, 2, -62, -64]
['525049494F5400000000000000000000', 1, 2, -62, -43]
['525049494F5400000000000000000000', 1, 2, -62, -64]
['BEC4225B5F79862473D71567FFEE553D', 64267, 8696, -117, -48]
['525049494F5400000000000000000000', 1, 2, -62, -44]
['525049494F5400000000000000000000', 1, 2, -62, -62]
['525049494F5400000000000000000000', 1, 2, -62, -53]
['525049494F5400000000000000000000', 1, 2, -62, -63]
['525049494F5400000000000000000000', 1, 2, -62, -44]
['BEC4225B5F79862473D71567FFEE553D', 64267, 8696, -117, -49]
['525049494F5400000000000000000000', 1, 2, -62, -44]
['525049494F5400000000000000000000', 1, 2, -62, -64]
['525049494F5400000000000000000000', 1, 2, -62, -43]
['525049494F5400000000000000000000', 1, 2, -62, -65]
['525049494F5400000000000000000000', 1, 2, -62, -49]
['525049494F5400000000000000000000', 1, 2, -62, -58]
['BEC4225B5F79862473D71567FFEE553D', 64267, 8696, -117, -58]
['525049494F5400000000000000000000', 1, 2, -62, -49]
['525049494F5400000000000000000000', 1, 2, -62, -64]
['525049494F5400000000000000000000', 1, 2, -62, -64]
['525049494F5400000000000000000000', 1, 2, -62, -62]
['525049494F5400000000000000000000', 1, 2, -62, -44]
['525049494F5400000000000000000000', 1, 2, -62, -64]
['525049494F5400000000000000000000', 1, 2, -62, -48]
['525049494F5400000000000000000000', 1, 2, -62, -64]
['BEC4225B5F79862473D71567FFEE553D', 64267, 8696, -117, -62]
['525049494F5400000000000000000000', 1, 2, -62, -49]
['525049494F5400000000000000000000', 1, 2, -62, -48]
['525049494F5400000000000000000000', 1, 2, -62, -64]
['525049494F5400000000000000000000', 1, 2, -62, -48]
['525049494F5400000000000000000000', 1, 2, -62, -64]
['525049494F5400000000000000000000', 1, 2, -62, -48]
['525049494F5400000000000000000000', 1, 2, -62, -58]
['BEC4225B5F79862473D71567FFEE553D', 64267, 8696, -117, -57]
['525049494F5400000000000000000000', 1, 2, -62, -48]
['525049494F5400000000000000000000', 1, 2, -62, -42]
['525049494F5400000000000000000000', 1, 2, -62, -47]
['525049494F5400000000000000000000', 1, 2, -62, -49]
['525049494F5400000000000000000000', 1, 2, -62, -43]
['525049494F5400000000000000000000', 1, 2, -62, -48]
['BEC4225B5F79862473D71567FFEE553D', 64267, 8696, -117, -43]
['525049494F5400000000000000000000', 1, 2, -62, -49]
['525049494F5400000000000000000000', 1, 2, -62, -47]
['525049494F5400000000000000000000', 1, 2, -62, -44]
['525049494F5400000000000000000000', 1, 2, -62, -49]
['525049494F5400000000000000000000', 1, 2, -62, -65]
['525049494F5400000000000000000000', 1, 2, -62, -49]
['BEC4225B5F79862473D71567FFEE553D', 64267, 8696, -117, -48]
['525049494F5400000000000000000000', 1, 2, -62, -43]
['525049494F5400000000000000000000', 1, 2, -62, -49]
['525049494F5400000000000000000000', 1, 2, -62, -43]
['525049494F5400000000000000000000', 1, 2, -62, -49]
['525049494F5400000000000000000000', 1, 2, -62, -49]
['BEC4225B5F79862473D71567FFEE553D', 64267, 8696, -117, -49]
['525049494F5400000000000000000000', 1, 2, -62, -65]
['525049494F5400000000000000000000', 1, 2, -62, -71]
['525049494F5400000000000000000000', 1, 2, -62, -48]
['525049494F5400000000000000000000', 1, 2, -62, -58]
['525049494F5400000000000000000000', 1, 2, -62, -49]
['BEC4225B5F79862473D71567FFEE553D', 64267, 8696, -117, -57]
['525049494F5400000000000000000000', 1, 2, -62, -49]
['525049494F5400000000000000000000', 1, 2, -62, -44]
['525049494F5400000000000000000000', 1, 2, -62, -47]
['525049494F5400000000000000000000', 1, 2, -62, -57]
['BEC4225B5F79862473D71567FFEE553D', 64267, 8696, -117, -64]
['525049494F5400000000000000000000', 1, 2, -62, -63]
['525049494F5400000000000000000000', 1, 2, -62, -44]
['525049494F5400000000000000000000', 1, 2, -62, -48]
['525049494F5400000000000000000000', 1, 2, -62, -44]
['525049494F5400000000000000000000', 1, 2, -62, -63]
['BEC4225B5F79862473D71567FFEE553D', 64267, 8696, -117, -48]
['525049494F5400000000000000000000', 1, 2, -62, -47]
['525049494F5400000000000000000000', 1, 2, -62, -43]
['525049494F5400000000000000000000', 1, 2, -62, -48]
['525049494F5400000000000000000000', 1, 2, -62, -44]
['525049494F5400000000000000000000', 1, 2, -62, -64]
['525049494F5400000000000000000000', 1, 2, -62, -44]
['BEC4225B5F79862473D71567FFEE553D', 64267, 8696, -117, -47]
['525049494F5400000000000000000000', 1, 2, -62, -48]
['525049494F5400000000000000000000', 1, 2, -62, -43]
['525049494F5400000000000000000000', 1, 2, -62, -49]
['525049494F5400000000000000000000', 1, 2, -62, -44]
['525049494F5400000000000000000000', 1, 2, -62, -63]
['525049494F5400000000000000000000', 1, 2, -62, -48]
['525049494F5400000000000000000000', 1, 2, -62, -44]
['BEC4225B5F79862473D71567FFEE553D', 64267, 8696, -117, -49]
['525049494F5400000000000000000000', 1, 2, -62, -64]
['525049494F5400000000000000000000', 1, 2, -62, -44]
['525049494F5400000000000000000000', 1, 2, -62, -63]
['525049494F5400000000000000000000', 1, 2, -62, -42]
['525049494F5400000000000000000000', 1, 2, -62, -63]
['525049494F5400000000000000000000', 1, 2, -62, -52]
['BEC4225B5F79862473D71567FFEE553D', 64267, 8696, -117, -58]
['525049494F5400000000000000000000', 1, 2, -62, -43]
['525049494F5400000000000000000000', 1, 2, -62, -64]
['525049494F5400000000000000000000', 1, 2, -62, -43]
['BEC4225B5F79862473D71567FFEE553D', 64267, 8696, -117, -48]
['525049494F5400000000000000000000', 1, 2, -62, -63]
['525049494F5400000000000000000000', 1, 2, -62, -49]
['525049494F5400000000000000000000', 1, 2, -62, -64]
['525049494F5400000000000000000000', 1, 2, -62, -48]
['525049494F5400000000000000000000', 1, 2, -62, -56]
['525049494F5400000000000000000000', 1, 2, -62, -70]
['BEC4225B5F79862473D71567FFEE553D', 64267, 8696, -117, -49]
['525049494F5400000000000000000000', 1, 2, -62, -57]
['525049494F5400000000000000000000', 1, 2, -62, -48]
['525049494F5400000000000000000000', 1, 2, -62, -43]
['525049494F5400000000000000000000', 1, 2, -62, -48]
['525049494F5400000000000000000000', 1, 2, -62, -49]
['525049494F5400000000000000000000', 1, 2, -62, -64]
['525049494F5400000000000000000000', 1, 2, -62, -49]

