['525049494F5400000000000000000000', 1, 2, -62, -60]
['525049494F5400000000000000000000', 1, 2, -62, -45]
['525049494F5400000000000000000000', 1, 2, -62, -58]
['BEC4225B5F79862473D71567FFEE553C', 64267, 8696, -117, -42]
['525049494F5400000000000000000000', 1, 2, -62, -45]
['525049494F5400000000000000000000', 1, 2, -62, -58]
['525049494F5400000000000000000000', 1, 2, -62, -45]
['525049494F5400000000000000000000', 1, 2, -62, -59]
['0100018FDB11C384530B02011A07FF4C', 16, 523, 0, -90]
['525049494F5400000000000000000000', 1, 2, -62, -45]
['525049494F5400000000000000000000', 1, 2, -62, -58]
['BEC4225B5F79862473D71567FFEE553C', 64267, 8696, -117, -59]
['525049494F5400000000000000000000', 1, 2, -62, -45]
['525049494F5400000000000000000000', 1, 2, -62, -59]
['525049494F5400000000000000000000', 1, 2, -62, -45]
['525049494F5400000000000000000000', 1, 2, -62, -60]
['525049494F5400000000000000000000', 1, 2, -62, -60]
['BEC4225B5F79862473D71567FFEE553C', 64267, 8696, -117, -45]
['525049494F5400000000000000000000', 1, 2, -62, -45]
['525049494F5400000000000000000000', 1, 2, -62, -59]
['525049494F5400000000000000000000', 1, 2, -62, -45]
['525049494F5400000000000000000000', 1, 2, -62, -59]
['525049494F5400000000000000000000', 1, 2, -62, -42]
['525049494F5400000000000000000000', 1, 2, -62, -61]
['BEC4225B5F79862473D71567FFEE553C', 64267, 8696, -117, -42]
['525049494F5400000000000000000000', 1, 2, -62, -60]
['525049494F5400000000000000000000', 1, 2, -62, -42]
['525049494F5400000000000000000000', 1, 2, -62, -46]
['525049494F5400000000000000000000', 1, 2, -62, -45]
['525049494F5400000000000000000000', 1, 2, -62, -42]
['525049494F5400000000000000000000', 1, 2, -62, -58]
['BEC4225B5F79862473D71567FFEE553C', 64267, 8696, -117, -60]
['525049494F5400000000000000000000', 1, 2, -62, -46]
['525049494F5400000000000000000000', 1, 2, -62, -45]
['525049494F5400000000000000000000', 1, 2, -62, -46]
['525049494F5400000000000000000000', 1, 2, -62, -71]
['BEC4225B5F79862473D71567FFEE553C', 64267, 8696, -117, -58]
['525049494F5400000000000000000000', 1, 2, -62, -59]
['525049494F5400000000000000000000', 1, 2, -62, -45]
['525049494F5400000000000000000000', 1, 2, -62, -42]
['525049494F5400000000000000000000', 1, 2, -62, -59]
['525049494F5400000000000000000000', 1, 2, -62, -45]
['525049494F5400000000000000000000', 1, 2, -62, -58]
['525049494F5400000000000000000000', 1, 2, -62, -45]
['525049494F5400000000000000000000', 1, 2, -62, -59]
['525049494F5400000000000000000000', 1, 2, -62, -59]
['BEC4225B5F79862473D71567FFEE553C', 64267, 8696, -117, -46]
['525049494F5400000000000000000000', 1, 2, -62, -45]
['525049494F5400000000000000000000', 1, 2, -62, -61]
['525049494F5400000000000000000000', 1, 2, -62, -45]
['525049494F5400000000000000000000', 1, 2, -62, -46]
['525049494F5400000000000000000000', 1, 2, -62, -45]
['525049494F5400000000000000000000', 1, 2, -62, -46]
['BEC4225B5F79862473D71567FFEE553C', 64267, 8696, -117, -59]
['525049494F5400000000000000000000', 1, 2, -62, -45]
['525049494F5400000000000000000000', 1, 2, -62, -58]
['525049494F5400000000000000000000', 1, 2, -62, -69]
['525049494F5400000000000000000000', 1, 2, -62, -41]
['525049494F5400000000000000000000', 1, 2, -62, -45]
['525049494F5400000000000000000000', 1, 2, -62, -42]
['BEC4225B5F79862473D71567FFEE553C', 64267, 8696, -117, -58]
['525049494F5400000000000000000000', 1, 2, -62, -73]
['525049494F5400000000000000000000', 1, 2, -62, -42]
['525049494F5400000000000000000000', 1, 2, -62, -60]
['525049494F5400000000000000000000', 1, 2, -62, -42]
['525049494F5400000000000000000000', 1, 2, -62, -58]
['525049494F5400000000000000000000', 1, 2, -62, -42]
['525049494F5400000000000000000000', 1, 2, -62, -45]
['BEC4225B5F79862473D71567FFEE553C', 64267, 8696, -117, -45]
['525049494F5400000000000000000000', 1, 2, -62, -60]
['525049494F5400000000000000000000', 1, 2, -62, -45]
['525049494F5400000000000000000000', 1, 2, -62, -60]
['525049494F5400000000000000000000', 1, 2, -62, -42]
['525049494F5400000000000000000000', 1, 2, -62, -61]
['BEC4225B5F79862473D71567FFEE553C', 64267, 8696, -117, -42]
['525049494F5400000000000000000000', 1, 2, -62, -60]
['525049494F5400000000000000000000', 1, 2, -62, -42]
['525049494F5400000000000000000000', 1, 2, -62, -59]
['525049494F5400000000000000000000', 1, 2, -62, -42]
['525049494F5400000000000000000000', 1, 2, -62, -59]
['BEC4225B5F79862473D71567FFEE553C', 64267, 8696, -117, -59]
['525049494F5400000000000000000000', 1, 2, -62, -42]
['525049494F5400000000000000000000', 1, 2, -62, -58]
['525049494F5400000000000000000000', 1, 2, -62, -42]
['525049494F5400000000000000000000', 1, 2, -62, -60]
['525049494F5400000000000000000000', 1, 2, -62, -59]
['BEC4225B5F79862473D71567FFEE553C', 64267, 8696, -117, -46]
['525049494F5400000000000000000000', 1, 2, -62, -42]
['525049494F5400000000000000000000', 1, 2, -62, -61]
['525049494F5400000000000000000000', 1, 2, -62, -46]
['0100018FDB11C384530B02011A07FF4C', 16, 523, 0, -106]
['525049494F5400000000000000000000', 1, 2, -62, -42]
['525049494F5400000000000000000000', 1, 2, -62, -45]
['525049494F5400000000000000000000', 1, 2, -62, -41]
['BEC4225B5F79862473D71567FFEE553C', 64267, 8696, -117, -45]
['525049494F5400000000000000000000', 1, 2, -62, -46]
['525049494F5400000000000000000000', 1, 2, -62, -46]
['525049494F5400000000000000000000', 1, 2, -62, -45]
['525049494F5400000000000000000000', 1, 2, -62, -46]
['525049494F5400000000000000000000', 1, 2, -62, -45]
['525049494F5400000000000000000000', 1, 2, -62, -42]
['525049494F5400000000000000000000', 1, 2, -62, -45]
['525049494F5400000000000000000000', 1, 2, -62, -45]
['525049494F5400000000000000000000', 1, 2, -62, -59]
['525049494F5400000000000000000000', 1, 2, -62, -46]
['525049494F5400000000000000000000', 1, 2, -62, -59]
['BEC4225B5F79862473D71567FFEE553C', 64267, 8696, -117, -58]
['525049494F5400000000000000000000', 1, 2, -62, -46]
['525049494F5400000000000000000000', 1, 2, -62, -59]
['525049494F5400000000000000000000', 1, 2, -62, -46]
['525049494F5400000000000000000000', 1, 2, -62, -42]
['525049494F5400000000000000000000', 1, 2, -62, -58]
['BEC4225B5F79862473D71567FFEE553C', 64267, 8696, -117, -60]
['525049494F5400000000000000000000', 1, 2, -62, -42]
['525049494F5400000000000000000000', 1, 2, -62, -59]
['0100018FDB11C384530B02011A07FF4C', 16, 523, 0, -95]
['525049494F5400000000000000000000', 1, 2, -62, -59]
['525049494F5400000000000000000000', 1, 2, -62, -46]
['0100018FDB11C384530B02011A07FF4C', 16, 523, 0, -92]
['525049494F5400000000000000000000', 1, 2, -62, -57]
['BEC4225B5F79862473D71567FFEE553C', 64267, 8696, -117, -45]
['525049494F5400000000000000000000', 1, 2, -62, -45]
['525049494F5400000000000000000000', 1, 2, -62, -45]
['525049494F5400000000000000000000', 1, 2, -62, -42]
['525049494F5400000000000000000000', 1, 2, -62, -45]
['525049494F5400000000000000000000', 1, 2, -62, -42]
['525049494F5400000000000000000000', 1, 2, -62, -45]
['525049494F5400000000000000000000', 1, 2, -62, -42]
['BEC4225B5F79862473D71567FFEE553C', 64267, 8696, -117, -45]
['525049494F5400000000000000000000', 1, 2, -62, -59]
['525049494F5400000000000000000000', 1, 2, -62, -42]
['525049494F5400000000000000000000', 1, 2, -62, -60]
['525049494F5400000000000000000000', 1, 2, -62, -45]
['525049494F5400000000000000000000', 1, 2, -62, -58]
['525049494F5400000000000000000000', 1, 2, -62, -45]
['BEC4225B5F79862473D71567FFEE553C', 64267, 8696, -117, -42]
['525049494F5400000000000000000000', 1, 2, -62, -57]
['525049494F5400000000000000000000', 1, 2, -62, -45]
['525049494F5400000000000000000000', 1, 2, -62, -58]
['525049494F5400000000000000000000', 1, 2, -62, -45]
['BEC4225B5F79862473D71567FFEE553C', 64267, 8696, -117, -46]
['525049494F5400000000000000000000', 1, 2, -62, -45]
['525049494F5400000000000000000000', 1, 2, -62, -57]
['525049494F5400000000000000000000', 1, 2, -62, -71]
['525049494F5400000000000000000000', 1, 2, -62, -71]
['525049494F5400000000000000000000', 1, 2, -62, -46]
['BEC4225B5F79862473D71567FFEE553C', 64267, 8696, -117, -73]
['525049494F5400000000000000000000', 1, 2, -62, -45]
['525049494F5400000000000000000000', 1, 2, -62, -46]
['525049494F5400000000000000000000', 1, 2, -62, -45]
['525049494F5400000000000000000000', 1, 2, -62, -58]
['525049494F5400000000000000000000', 1, 2, -62, -45]
['BEC4225B5F79862473D71567FFEE553C', 64267, 8696, -117, -60]
['525049494F5400000000000000000000', 1, 2, -62, -45]
['525049494F5400000000000000000000', 1, 2, -62, -46]
['525049494F5400000000000000000000', 1, 2, -62, -45]
['525049494F5400000000000000000000', 1, 2, -62, -45]
['525049494F5400000000000000000000', 1, 2, -62, -46]
['BEC4225B5F79862473D71567FFEE553C', 64267, 8696, -117, -45]
['525049494F5400000000000000000000', 1, 2, -62, -42]
['525049494F5400000000000000000000', 1, 2, -62, -45]
['525049494F5400000000000000000000', 1, 2, -62, -41]
['525049494F5400000000000000000000', 1, 2, -62, -45]
['525049494F5400000000000000000000', 1, 2, -62, -42]
['525049494F5400000000000000000000', 1, 2, -62, -45]
['BEC4225B5F79862473D71567FFEE553C', 64267, 8696, -117, -57]
['525049494F5400000000000000000000', 1, 2, -62, -42]
['525049494F5400000000000000000000', 1, 2, -62, -45]
['525049494F5400000000000000000000', 1, 2, -62, -58]
['525049494F5400000000000000000000', 1, 2, -62, -45]
['525049494F5400000000000000000000', 1, 2, -62, -58]
['525049494F5400000000000000000000', 1, 2, -62, -45]
['525049494F5400000000000000000000', 1, 2, -62, -58]
['525049494F5400000000000000000000', 1, 2, -62, -59]
['525049494F5400000000000000000000', 1, 2, -62, -45]
['525049494F5400000000000000000000', 1, 2, -62, -59]
['525049494F5400000000000000000000', 1, 2, -62, -46]
['525049494F5400000000000000000000', 1, 2, -62, -59]
['BEC4225B5F79862473D71567FFEE553C', 64267, 8696, -117, -59]
['525049494F5400000000000000000000', 1, 2, -62, -61]
['525049494F5400000000000000000000', 1, 2, -62, -42]
['525049494F5400000000000000000000', 1, 2, -62, -61]
['525049494F5400000000000000000000', 1, 2, -62, -41]
['525049494F5400000000000000000000', 1, 2, -62, -61]
['525049494F5400000000000000000000', 1, 2, -62, -42]
['BEC4225B5F79862473D71567FFEE553C', 64267, 8696, -117, -59]
['525049494F5400000000000000000000', 1, 2, -62, -42]
['525049494F5400000000000000000000', 1, 2, -62, -59]
['525049494F5400000000000000000000', 1, 2, -62, -70]
['525049494F5400000000000000000000', 1, 2, -62, -59]
['525049494F5400000000000000000000', 1, 2, -62, -41]
['525049494F5400000000000000000000', 1, 2, -62, -60]
['525049494F5400000000000000000000', 1, 2, -62, -59]
['525049494F5400000000000000000000', 1, 2, -62, -42]
['525049494F5400000000000000000000', 1, 2, -62, -60]
['BEC4225B5F79862473D71567FFEE553C', 64267, 8696, -117, -42]
['525049494F5400000000000000000000', 1, 2, -62, -60]
['525049494F5400000000000000000000', 1, 2, -62, -57]
['525049494F5400000000000000000000', 1, 2, -62, -45]
['525049494F5400000000000000000000', 1, 2, -62, -58]
['525049494F5400000000000000000000', 1, 2, -62, -45]
['525049494F5400000000000000000000', 1, 2, -62, -58]
['525049494F5400000000000000000000', 1, 2, -62, -45]
['BEC4225B5F79862473D71567FFEE553C', 64267, 8696, -117, -46]
['525049494F5400000000000000000000', 1, 2, -62, -58]
['525049494F5400000000000000000000', 1, 2, -62, -46]
['525049494F5400000000000000000000', 1, 2, -62, -58]
['525049494F5400000000000000000000', 1, 2, -62, -45]
['525049494F5400000000000000000000', 1, 2, -62, -58]
['525049494F5400000000000000000000', 1, 2, -62, -46]
['BEC4225B5F79862473D71567FFEE553C', 64267, 8696, -117, -58]
['525049494F5400000000000000000000', 1, 2, -62, -45]
['525049494F5400000000000000000000', 1, 2, -62, -59]
['525049494F5400000000000000000000', 1, 2, -62, -45]
['525049494F5400000000000000000000', 1, 2, -62, -45]
['BEC4225B5F79862473D71567FFEE553C', 64267, 8696, -117, -42]
['525049494F5400000000000000000000', 1, 2, -62, -57]
['525049494F5400000000000000000000', 1, 2, -62, -46]
['525049494F5400000000000000000000', 1, 2, -62, -57]
['525049494F5400000000000000000000', 1, 2, -62, -45]
['525049494F5400000000000000000000', 1, 2, -62, -57]
['BEC4225B5F79862473D71567FFEE553C', 64267, 8696, -117, -45]
['0100018FDB11C384530B02011A07FF4C', 16, 519, 0, -98]
['525049494F5400000000000000000000', 1, 2, -62, -45]
['525049494F5400000000000000000000', 1, 2, -62, -57]
['525049494F5400000000000000000000', 1, 2, -62, -59]
['525049494F5400000000000000000000', 1, 2, -62, -76]
['525049494F5400000000000000000000', 1, 2, -62, -58]
['BEC4225B5F79862473D71567FFEE553C', 64267, 8696, -117, -46]
['525049494F5400000000000000000000', 1, 2, -62, -58]
['525049494F5400000000000000000000', 1, 2, -62, -41]
['525049494F5400000000000000000000', 1, 2, -62, -45]
['525049494F5400000000000000000000', 1, 2, -62, -42]
['525049494F5400000000000000000000', 1, 2, -62, -59]
['525049494F5400000000000000000000', 1, 2, -62, -58]
['BEC4225B5F79862473D71567FFEE553C', 64267, 8696, -117, -45]
['525049494F5400000000000000000000', 1, 2, -62, -46]
['525049494F5400000000000000000000', 1, 2, -62, -59]
['525049494F5400000000000000000000', 1, 2, -62, -45]
['525049494F5400000000000000000000', 1, 2, -62, -45]
['BEC4225B5F79862473D71567FFEE553C', 64267, 8696, -117, -57]
['525049494F5400000000000000000000', 1, 2, -62, -58]
['525049494F5400000000000000000000', 1, 2, -62, -45]
['525049494F5400000000000000000000', 1, 2, -62, -45]
['525049494F5400000000000000000000', 1, 2, -62, -59]
['525049494F5400000000000000000000', 1, 2, -62, -42]
['BEC4225B5F79862473D71567FFEE553C', 64267, 8696, -117, -60]
['525049494F5400000000000000000000', 1, 2, -62, -45]
['525049494F5400000000000000000000', 1, 2, -62, -42]
['525049494F5400000000000000000000', 1, 2, -62, -46]
['525049494F5400000000000000000000', 1, 2, -62, -45]
['525049494F5400000000000000000000', 1, 2, -62, -45]
['525049494F5400000000000000000000', 1, 2, -62, -45]
['BEC4225B5F79862473D71567FFEE553C', 64267, 8696, -117, -59]
['525049494F5400000000000000000000', 1, 2, -62, -57]
['525049494F5400000000000000000000', 1, 2, -62, -46]
['525049494F5400000000000000000000', 1, 2, -62, -59]
['525049494F5400000000000000000000', 1, 2, -62, -46]
['525049494F5400000000000000000000', 1, 2, -62, -58]
['525049494F5400000000000000000000', 1, 2, -62, -41]
['525049494F5400000000000000000000', 1, 2, -62, -58]
['525049494F5400000000000000000000', 1, 2, -62, -42]
['525049494F5400000000000000000000', 1, 2, -62, -45]
['525049494F5400000000000000000000', 1, 2, -62, -59]
['525049494F5400000000000000000000', 1, 2, -62, -45]
['BEC4225B5F79862473D71567FFEE553C', 64267, 8696, -117, -42]
['525049494F5400000000000000000000', 1, 2, -62, -45]
['525049494F5400000000000000000000', 1, 2, -62, -45]
['525049494F5400000000000000000000', 1, 2, -62, -45]
['525049494F5400000000000000000000', 1, 2, -62, -46]
['525049494F5400000000000000000000', 1, 2, -62, -59]
['525049494F5400000000000000000000', 1, 2, -62, -45]
['BEC4225B5F79862473D71567FFEE553C', 64267, 8696, -117, -42]
['525049494F5400000000000000000000', 1, 2, -62, -46]
['525049494F5400000000000000000000', 1, 2, -62, -58]
['525049494F5400000000000000000000', 1, 2, -62, -42]
['525049494F5400000000000000000000', 1, 2, -62, -41]
['525049494F5400000000000000000000', 1, 2, -62, -59]
['525049494F5400000000000000000000', 1, 2, -62, -42]
['525049494F5400000000000000000000', 1, 2, -62, -59]
['525049494F5400000000000000000000', 1, 2, -62, -60]
['525049494F5400000000000000000000', 1, 2, -62, -46]
['525049494F5400000000000000000000', 1, 2, -62, -58]
['BEC4225B5F79862473D71567FFEE553C', 64267, 8696, -117, -59]
['525049494F5400000000000000000000', 1, 2, -62, -45]
['525049494F5400000000000000000000', 1, 2, -62, -45]
['525049494F5400000000000000000000', 1, 2, -62, -45]
['525049494F5400000000000000000000', 1, 2, -62, -58]
['525049494F5400000000000000000000', 1, 2, -62, -46]
['525049494F5400000000000000000000', 1, 2, -62, -58]
['BEC4225B5F79862473D71567FFEE553C', 64267, 8696, -117, -45]
['525049494F5400000000000000000000', 1, 2, -62, -46]
['525049494F5400000000000000000000', 1, 2, -62, -45]
['525049494F5400000000000000000000', 1, 2, -62, -46]
['525049494F5400000000000000000000', 1, 2, -62, -59]
['525049494F5400000000000000000000', 1, 2, -62, -45]
['525049494F5400000000000000000000', 1, 2, -62, -46]
['525049494F5400000000000000000000', 1, 2, -62, -59]
['525049494F5400000000000000000000', 1, 2, -62, -45]

