['525049494F5400000000000000000000', 1, 2, -62, -68]
['BEC4225B5F79862473D71567FFEE553D', 64267, 8696, -117, -51]
['525049494F5400000000000000000000', 1, 2, -62, -50]
['525049494F5400000000000000000000', 1, 2, -62, -51]
['525049494F5400000000000000000000', 1, 2, -62, -54]
['525049494F5400000000000000000000', 1, 2, -62, -66]
['BEC4225B5F79862473D71567FFEE553D', 64267, 8696, -117, -68]
['525049494F5400000000000000000000', 1, 2, -62, -50]
['525049494F5400000000000000000000', 1, 2, -62, -68]
['525049494F5400000000000000000000', 1, 2, -62, -51]
['525049494F5400000000000000000000', 1, 2, -62, -51]
['525049494F5400000000000000000000', 1, 2, -62, -66]
['0100011DDCC3390C720B02011A07FF4C', 16, 523, 0, -100]
['BEC4225B5F79862473D71567FFEE553D', 64267, 8696, -117, -68]
['525049494F5400000000000000000000', 1, 2, -62, -50]
['525049494F5400000000000000000000', 1, 2, -62, -65]
['525049494F5400000000000000000000', 1, 2, -62, -50]
['0100011DDCC3390C720B02011A07FF4C', 16, 523, 0, -90]
['525049494F5400000000000000000000', 1, 2, -62, -66]
['525049494F5400000000000000000000', 1, 2, -62, -51]
['0100011DDCC3390C720B02011A07FF4C', 16, 523, 0, -89]
['525049494F5400000000000000000000', 1, 2, -62, -66]
['525049494F5400000000000000000000', 1, 2, -62, -50]
['BEC4225B5F79862473D71567FFEE553D', 64267, 8696, -117, -50]
['525049494F5400000000000000000000', 1, 2, -62, -69]
['525049494F5400000000000000000000', 1, 2, -62, -50]
['525049494F5400000000000000000000', 1, 2, -62, -64]
['525049494F5400000000000000000000', 1, 2, -62, -74]
['BEC4225B5F79862473D71567FFEE553D', 64267, 8696, -117, -51]
['525049494F5400000000000000000000', 1, 2, -62, -66]
['525049494F5400000000000000000000', 1, 2, -62, -50]
['525049494F5400000000000000000000', 1, 2, -62, -66]
['0100011DDCC3390C720B02011A07FF4C', 16, 523, 0, -89]
['525049494F5400000000000000000000', 1, 2, -62, -51]
['525049494F5400000000000000000000', 1, 2, -62, -64]
['0100011DDCC3390C720B02011A07FF4C', 16, 523, 0, -86]
['525049494F5400000000000000000000', 1, 2, -62, -50]
['BEC4225B5F79862473D71567FFEE553D', 64267, 8696, -117, -69]
['525049494F5400000000000000000000', 1, 2, -62, -68]
['0100011DDCC3390C720B02011A07FF4C', 16, 523, 0, -85]
['525049494F5400000000000000000000', 1, 2, -62, -69]
['525049494F5400000000000000000000', 1, 2, -62, -51]
['525049494F5400000000000000000000', 1, 2, -62, -67]
['525049494F5400000000000000000000', 1, 2, -62, -51]
['BEC4225B5F79862473D71567FFEE553D', 64267, 8696, -117, -51]
['525049494F5400000000000000000000', 1, 2, -62, -67]
['0100011DDCC3390C720B02011A07FF4C', 16, 523, 0, -97]
['525049494F5400000000000000000000', 1, 2, -62, -51]
['525049494F5400000000000000000000', 1, 2, -62, -51]
['0100011DDCC3390C720B02011A07FF4C', 16, 523, 0, -102]
['525049494F5400000000000000000000', 1, 2, -62, -54]
['525049494F5400000000000000000000', 1, 2, -62, -51]
['BEC4225B5F79862473D71567FFEE553D', 64267, 8696, -117, -65]
['525049494F5400000000000000000000', 1, 2, -62, -54]
['525049494F5400000000000000000000', 1, 2, -62, -51]
['525049494F5400000000000000000000', 1, 2, -62, -67]
['525049494F5400000000000000000000', 1, 2, -62, -54]
['525049494F5400000000000000000000', 1, 2, -62, -58]
['525049494F5400000000000000000000', 1, 2, -62, -54]
['0100011DDCC3390C720B02011A07FF4C', 16, 523, 0, -93]
['BEC4225B5F79862473D71567FFEE553D', 64267, 8696, -117, -54]
['525049494F5400000000000000000000', 1, 2, -62, -55]
['0100011DDCC3390C720B02011A07FF4C', 16, 523, 0, -84]
['525049494F5400000000000000000000', 1, 2, -62, -66]
['525049494F5400000000000000000000', 1, 2, -62, -50]
['525049494F5400000000000000000000', 1, 2, -62, -66]
['0100011DDCC3390C720B02011A07FF4C', 16, 523, 0, -86]
['525049494F5400000000000000000000', 1, 2, -62, -50]
['525049494F5400000000000000000000', 1, 2, -62, -67]
['BEC4225B5F79862473D71567FFEE553D', 64267, 8696, -117, -50]
['525049494F5400000000000000000000', 1, 2, -62, -50]
['525049494F5400000000000000000000', 1, 2, -62, -66]
['525049494F5400000000000000000000', 1, 2, -62, -55]
['525049494F5400000000000000000000', 1, 2, -62, -67]
['BEC4225B5F79862473D71567FFEE553D', 64267, 8696, -117, -65]
['525049494F5400000000000000000000', 1, 2, -62, -55]
['525049494F5400000000000000000000', 1, 2, -62, -64]
['525049494F5400000000000000000000', 1, 2, -62, -84]
['525049494F5400000000000000000000', 1, 2, -62, -64]
['525049494F5400000000000000000000', 1, 2, -62, -54]
['525049494F5400000000000000000000', 1, 2, -62, -67]
['BEC4225B5F79862473D71567FFEE553D', 64267, 8696, -117, -51]
['525049494F5400000000000000000000', 1, 2, -62, -54]
['0100011DDCC3390C720B02011A07FF4C', 16, 523, 0, -94]
['525049494F5400000000000000000000', 1, 2, -62, -55]
['525049494F5400000000000000000000', 1, 2, -62, -66]
['525049494F5400000000000000000000', 1, 2, -62, -54]
['525049494F5400000000000000000000', 1, 2, -62, -51]
['525049494F5400000000000000000000', 1, 2, -62, -54]
['525049494F5400000000000000000000', 1, 2, -62, -51]
['525049494F5400000000000000000000', 1, 2, -62, -68]
['0100011DDCC3390C720B02011A07FF4C', 16, 523, 0, -97]
['525049494F5400000000000000000000', 1, 2, -62, -51]
['525049494F5400000000000000000000', 1, 2, -62, -67]
['525049494F5400000000000000000000', 1, 2, -62, -51]
['0100011DDCC3390C720B02011A07FF4C', 16, 523, 0, -87]
['525049494F5400000000000000000000', 1, 2, -62, -51]
['BEC4225B5F79862473D71567FFEE553D', 64267, 8696, -117, -67]
['525049494F5400000000000000000000', 1, 2, -62, -51]
['0100011DDCC3390C720B02011A07FF4C', 16, 523, 0, -85]
['525049494F5400000000000000000000', 1, 2, -62, -51]
['525049494F5400000000000000000000', 1, 2, -62, -68]
['525049494F5400000000000000000000', 1, 2, -62, -51]
['0100011DDCC3390C720B02011A07FF4C', 16, 523, 0, -82]
['525049494F5400000000000000000000', 1, 2, -62, -64]
['525049494F5400000000000000000000', 1, 2, -62, -51]
['BEC4225B5F79862473D71567FFEE553D', 64267, 8696, -117, -50]
['525049494F5400000000000000000000', 1, 2, -62, -66]
['0100011DDCC3390C720B02011A07FF4C', 16, 523, 0, -91]
['525049494F5400000000000000000000', 1, 2, -62, -51]
['525049494F5400000000000000000000', 1, 2, -62, -68]
['525049494F5400000000000000000000', 1, 2, -62, -51]
['525049494F5400000000000000000000', 1, 2, -62, -51]
['0100011DDCC3390C720B02011A07FF4C', 16, 523, 0, -97]
['BEC4225B5F79862473D71567FFEE553D', 64267, 8696, -117, -54]
['525049494F5400000000000000000000', 1, 2, -62, -68]
['525049494F5400000000000000000000', 1, 2, -62, -51]
['0100011DDCC3390C720B02011A07FF4C', 16, 523, 0, -96]
['525049494F5400000000000000000000', 1, 2, -62, -66]
['525049494F5400000000000000000000', 1, 2, -62, -51]
['525049494F5400000000000000000000', 1, 2, -62, -68]
['525049494F5400000000000000000000', 1, 2, -62, -51]
['525049494F5400000000000000000000', 1, 2, -62, -68]
['BEC4225B5F79862473D71567FFEE553D', 64267, 8696, -117, -67]
['525049494F5400000000000000000000', 1, 2, -62, -51]
['0100011DDCC3390C720B02011A07FF4C', 16, 523, 0, -83]
['525049494F5400000000000000000000', 1, 2, -62, -51]
['525049494F5400000000000000000000', 1, 2, -62, -51]
['BEC4225B5F79862473D71567FFEE553D', 64267, 8696, -117, -68]
['525049494F5400000000000000000000', 1, 2, -62, -51]
['525049494F5400000000000000000000', 1, 2, -62, -53]
['0100011DDCC3390C720B02011A07FF4C', 16, 523, 0, -89]
['525049494F5400000000000000000000', 1, 2, -62, -51]
['525049494F5400000000000000000000', 1, 2, -62, -53]
['525049494F5400000000000000000000', 1, 2, -62, -51]
['0100011DDCC3390C720B02011A07FF4C', 16, 523, 0, -88]
['525049494F5400000000000000000000', 1, 2, -62, -53]
['BEC4225B5F79862473D71567FFEE553D', 64267, 8696, -117, -50]
['525049494F5400000000000000000000', 1, 2, -62, -54]
['525049494F5400000000000000000000', 1, 2, -62, -67]
['525049494F5400000000000000000000', 1, 2, -62, -53]
['0100011DDCC3390C720B02011A07FF4C', 16, 523, 0, -84]
['525049494F5400000000000000000000', 1, 2, -62, -64]
['010001809D403BB4660B02011A07FF4C', 16, 523, 0, -80]
['525049494F5400000000000000000000', 1, 2, -62, -50]
['BEC4225B5F79862473D71567FFEE553D', 64267, 8696, -117, -51]
['525049494F5400000000000000000000', 1, 2, -62, -64]
['0100011DDCC3390C720B02011A07FF4C', 16, 523, 0, -88]
['010001809D403BB4660B02011A07FF4C', 16, 523, 0, -79]
['525049494F5400000000000000000000', 1, 2, -62, -72]
['525049494F5400000000000000000000', 1, 2, -62, -53]
['010001809D403BB4660B02011A07FF4C', 16, 523, 0, -76]
['525049494F5400000000000000000000', 1, 2, -62, -51]
['525049494F5400000000000000000000', 1, 2, -62, -67]
['525049494F5400000000000000000000', 1, 2, -62, -53]
['010001809D403BB4660B02011A07FF4C', 16, 523, 0, -85]
['525049494F5400000000000000000000', 1, 2, -62, -67]
['525049494F5400000000000000000000', 1, 2, -62, -51]
['525049494F5400000000000000000000', 1, 2, -62, -66]
['525049494F5400000000000000000000', 1, 2, -62, -54]
['525049494F5400000000000000000000', 1, 2, -62, -67]
['010001809D403BB4660B02011A07FF4C', 16, 523, 0, -97]
['525049494F5400000000000000000000', 1, 2, -62, -54]
['BEC4225B5F79862473D71567FFEE553D', 64267, 8696, -117, -68]
['525049494F5400000000000000000000', 1, 2, -62, -65]
['525049494F5400000000000000000000', 1, 2, -62, -54]
['010001809D403BB4660B02011A07FF4C', 16, 523, 0, -94]
['525049494F5400000000000000000000', 1, 2, -62, -51]
['0100011DDCC3390C720B02011A07FF4C', 16, 523, 0, -80]
['525049494F5400000000000000000000', 1, 2, -62, -53]
['525049494F5400000000000000000000', 1, 2, -62, -51]
['0100011DDCC3390C720B02011A07FF4C', 16, 523, 0, -88]
['525049494F5400000000000000000000', 1, 2, -62, -51]
['525049494F5400000000000000000000', 1, 2, -62, -50]
['525049494F5400000000000000000000', 1, 2, -62, -51]
['000C0E0044A8B605B521BD3F3D631E43', 54032, 523, 0, -81]
['000C0E0045A8B6EB39DAA7F73CB48AC9', 13328, 523, 0, -97]
['000C0E0045A8B6EB39DAA7F73CB48AC9', 13328, 523, 0, -86]
['525049494F5400000000000000000000', 1, 2, -62, -51]
['000C0E0045A8B6EB39DAA7F73CB48AC9', 13328, 523, 0, -85]
['525049494F5400000000000000000000', 1, 2, -62, -53]
['BEC4225B5F79862473D71567FFEE553D', 64267, 8696, -117, -67]
['000C0E0045A8B6EB39DAA7F73CB48AC9', 13328, 523, 0, -92]
['525049494F5400000000000000000000', 1, 2, -62, -51]
['000C0E0045A8B6EB39DAA7F73CB48AC9', 13328, 523, 0, -89]
['000C0E0045A8B6EB39DAA7F73CB48AC9', 13328, 523, 0, -94]
['000C0E0045A8B6EB39DAA7F73CB48AC9', 13328, 523, 0, -89]
['525049494F5400000000000000000000', 1, 2, -62, -51]
['000C0E0045A8B6EB39DAA7F73CB48AC9', 13328, 523, 0, -76]
['000C0E0045A8B6EB39DAA7F73CB48AC9', 13328, 523, 0, -95]
['000C0E0045A8B6EB39DAA7F73CB48AC9', 13328, 523, 0, -78]
['525049494F5400000000000000000000', 1, 2, -62, -53]
['000C0E0045A8B6EB39DAA7F73CB48AC9', 13328, 523, 0, -95]
['000C0E0045A8B6EB39DAA7F73CB48AC9', 13328, 523, 0, -91]
['525049494F5400000000000000000000', 1, 2, -62, -50]
['000C0E0045A8B6EB39DAA7F73CB48AC9', 13328, 523, 0, -83]
['000C0E0045A8B6EB39DAA7F73CB48AC9', 13328, 523, 0, -91]
['000C0E0045A8B6EB39DAA7F73CB48AC9', 13328, 523, 0, -75]
['525049494F5400000000000000000000', 1, 2, -62, -68]
['000C0E0045A8B6EB39DAA7F73CB48AC9', 13328, 523, 0, -91]
['000C0E0045A8B6EB39DAA7F73CB48AC9', 13328, 523, 0, -80]
['000C0E0045A8B6EB39DAA7F73CB48AC9', 13328, 523, 0, -95]
['525049494F5400000000000000000000', 1, 2, -62, -51]
['000C0E0045A8B6EB39DAA7F73CB48AC9', 13328, 523, 0, -99]
['000C0E0045A8B6EB39DAA7F73CB48AC9', 13328, 523, 0, -82]
['000C0E0045A8B6EB39DAA7F73CB48AC9', 13328, 523, 0, -93]
['525049494F5400000000000000000000', 1, 2, -62, -51]
['000C0E0045A8B6EB39DAA7F73CB48AC9', 13328, 523, 0, -89]
['000C0E0045A8B6EB39DAA7F73CB48AC9', 13328, 523, 0, -94]
['000C0E0045A8B6EB39DAA7F73CB48AC9', 13328, 523, 0, -85]
['000C0E0045A8B6EB39DAA7F73CB48AC9', 13328, 523, 0, -100]
['000C0E0045A8B6EB39DAA7F73CB48AC9', 13328, 523, 0, -87]
['525049494F5400000000000000000000', 1, 2, -62, -51]
['000C0E0045A8B6EB39DAA7F73CB48AC9', 13328, 523, 0, -81]
['000C0E0045A8B6EB39DAA7F73CB48AC9', 13328, 523, 0, -84]
['525049494F5400000000000000000000', 1, 2, -62, -69]
['000C0E0045A8B6EB39DAA7F73CB48AC9', 13328, 523, 0, -84]
['000C0E0045A8B6EB39DAA7F73CB48AC9', 13328, 523, 0, -95]
['525049494F5400000000000000000000', 1, 2, -62, -51]
['000C0E0045A8B6EB39DAA7F73CB48AC9', 13328, 523, 0, -101]
['0100011DDCC3390C720B02011A07FF4C', 16, 523, 0, -91]
['000C0E0045A8B6EB39DAA7F73CB48AC9', 13328, 523, 0, -95]
['BEC4225B5F79862473D71567FFEE553D', 64267, 8696, -117, -51]
['000C0E0045A8B6EB39DAA7F73CB48AC9', 13328, 523, 0, -87]
['525049494F5400000000000000000000', 1, 2, -62, -51]
['000C0E0045A8B6EB39DAA7F73CB48AC9', 13328, 523, 0, -97]
['000C0E0045A8B6EB39DAA7F73CB48AC9', 13328, 523, 0, -88]
['000C0E0045A8B6EB39DAA7F73CB48AC9', 13328, 523, 0, -89]
['525049494F5400000000000000000000', 1, 2, -62, -66]
['000C0E0045A8B6EB39DAA7F73CB48AC9', 13328, 523, 0, -83]
['000C0E0045A8B6EB39DAA7F73CB48AC9', 13328, 523, 0, -97]
['525049494F5400000000000000000000', 1, 2, -62, -50]
['000C0E0045A8B6EB39DAA7F73CB48AC9', 13328, 523, 0, -85]
['000C0E0045A8B6EB39DAA7F73CB48AC9', 13328, 523, 0, -101]
['010001809D403BB4660B02011A07FF4C', 16, 523, 0, -88]
['525049494F5400000000000000000000', 1, 2, -62, -66]
['0100011DDCC3390C720B02011A07FF4C', 16, 523, 0, -95]
['525049494F5400000000000000000000', 1, 2, -62, -50]
['525049494F5400000000000000000000', 1, 2, -62, -64]
['010001809D403BB4660B02011A07FF4C', 16, 523, 0, -95]
['BEC4225B5F79862473D71567FFEE553D', 64267, 8696, -117, -54]
['525049494F5400000000000000000000', 1, 2, -62, -54]
['0100011DDCC3390C720B02011A07FF4C', 16, 523, 0, -94]
['525049494F5400000000000000000000', 1, 2, -62, -66]
['010001809D403BB4660B02011A07FF4C', 16, 523, 0, -100]
['525049494F5400000000000000000000', 1, 2, -62, -50]
['525049494F5400000000000000000000', 1, 2, -62, -65]
['525049494F5400000000000000000000', 1, 2, -62, -51]
['010001809D403BB4660B02011A07FF4C', 16, 523, 0, -102]
['525049494F5400000000000000000000', 1, 2, -62, -66]
['BEC4225B5F79862473D71567FFEE553D', 64267, 8696, -117, -50]
['525049494F5400000000000000000000', 1, 2, -62, -50]
['525049494F5400000000000000000000', 1, 2, -62, -67]
['525049494F5400000000000000000000', 1, 2, -62, -50]
['525049494F5400000000000000000000', 1, 2, -62, -54]
['010001809D403BB4660B02011A07FF4C', 16, 523, 0, -90]
['525049494F5400000000000000000000', 1, 2, -62, -51]
['0100011DDCC3390C720B02011A07FF4C', 16, 523, 0, -103]
['525049494F5400000000000000000000', 1, 2, -62, -64]
['BEC4225B5F79862473D71567FFEE553D', 64267, 8696, -117, -51]
['525049494F5400000000000000000000', 1, 2, -62, -54]
['525049494F5400000000000000000000', 1, 2, -62, -64]
['525049494F5400000000000000000000', 1, 2, -62, -54]
['525049494F5400000000000000000000', 1, 2, -62, -67]
['525049494F5400000000000000000000', 1, 2, -62, -54]
['BEC4225B5F79862473D71567FFEE553D', 64267, 8696, -117, -67]
['525049494F5400000000000000000000', 1, 2, -62, -67]
['525049494F5400000000000000000000', 1, 2, -62, -54]
['525049494F5400000000000000000000', 1, 2, -62, -67]
['525049494F5400000000000000000000', 1, 2, -62, -54]
['525049494F5400000000000000000000', 1, 2, -62, -64]
['525049494F5400000000000000000000', 1, 2, -62, -51]
['0100011DDCC3390C720B02011A07FF4C', 16, 523, 0, -87]
['525049494F5400000000000000000000', 1, 2, -62, -65]
['BEC4225B5F79862473D71567FFEE553D', 64267, 8696, -117, -67]
['525049494F5400000000000000000000', 1, 2, -62, -67]
['010001809D403BB4660B02011A07FF4C', 16, 523, 0, -94]
['0100011DDCC3390C720B02011A07FF4C', 16, 523, 0, -95]
['525049494F5400000000000000000000', 1, 2, -62, -67]
['0100011DDCC3390C720B02011A07FF4C', 16, 523, 0, -94]
['525049494F5400000000000000000000', 1, 2, -62, -67]
['525049494F5400000000000000000000', 1, 2, -62, -54]
['525049494F5400000000000000000000', 1, 2, -62, -67]
['0100011DDCC3390C720B02011A07FF4C', 16, 523, 0, -86]
['525049494F5400000000000000000000', 1, 2, -62, -54]
['525049494F5400000000000000000000', 1, 2, -62, -67]
['525049494F5400000000000000000000', 1, 2, -62, -54]
['0100011DDCC3390C720B02011A07FF4C', 16, 523, 0, -89]
['525049494F5400000000000000000000', 1, 2, -62, -66]
['525049494F5400000000000000000000', 1, 2, -62, -72]
['BEC4225B5F79862473D71567FFEE553D', 64267, 8696, -117, -66]
['525049494F5400000000000000000000', 1, 2, -62, -79]
['525049494F5400000000000000000000', 1, 2, -62, -51]
['525049494F5400000000000000000000', 1, 2, -62, -50]
['525049494F5400000000000000000000', 1, 2, -62, -69]
['525049494F5400000000000000000000', 1, 2, -62, -50]
['0100011DDCC3390C720B02011A07FF4C', 16, 523, 0, -90]
['525049494F5400000000000000000000', 1, 2, -62, -65]
['525049494F5400000000000000000000', 1, 2, -62, -50]
['525049494F5400000000000000000000', 1, 2, -62, -68]
['525049494F5400000000000000000000', 1, 2, -62, -50]
['525049494F5400000000000000000000', 1, 2, -62, -54]
['525049494F5400000000000000000000', 1, 2, -62, -50]
['525049494F5400000000000000000000', 1, 2, -62, -53]
['525049494F5400000000000000000000', 1, 2, -62, -64]
['BEC4225B5F79862473D71567FFEE553D', 64267, 8696, -117, -66]
['525049494F5400000000000000000000', 1, 2, -62, -53]
['525049494F5400000000000000000000', 1, 2, -62, -66]
['525049494F5400000000000000000000', 1, 2, -62, -54]
['0100011DDCC3390C720B02011A07FF4C', 16, 523, 0, -95]
['525049494F5400000000000000000000', 1, 2, -62, -65]
['525049494F5400000000000000000000', 1, 2, -62, -65]
['BEC4225B5F79862473D71567FFEE553D', 64267, 8696, -117, -51]
['525049494F5400000000000000000000', 1, 2, -62, -54]
['525049494F5400000000000000000000', 1, 2, -62, -66]
['525049494F5400000000000000000000', 1, 2, -62, -54]
['525049494F5400000000000000000000', 1, 2, -62, -66]
['0100011DDCC3390C720B02011A07FF4C', 16, 523, 0, -84]
['525049494F5400000000000000000000', 1, 2, -62, -54]
['525049494F5400000000000000000000', 1, 2, -62, -65]
['BEC4225B5F79862473D71567FFEE553D', 64267, 8696, -117, -64]
['525049494F5400000000000000000000', 1, 2, -62, -68]
['525049494F5400000000000000000000', 1, 2, -62, -51]
['525049494F5400000000000000000000', 1, 2, -62, -68]
['525049494F5400000000000000000000', 1, 2, -62, -51]
['525049494F5400000000000000000000', 1, 2, -62, -54]
['525049494F5400000000000000000000', 1, 2, -62, -51]
['BEC4225B5F79862473D71567FFEE553D', 64267, 8696, -117, -54]
['525049494F5400000000000000000000', 1, 2, -62, -54]
['525049494F5400000000000000000000', 1, 2, -62, -51]
['525049494F5400000000000000000000', 1, 2, -62, -78]
['525049494F5400000000000000000000', 1, 2, -62, -51]
['BEC4225B5F79862473D71567FFEE553D', 64267, 8696, -117, -54]
['525049494F5400000000000000000000', 1, 2, -62, -66]
['525049494F5400000000000000000000', 1, 2, -62, -54]
['525049494F5400000000000000000000', 1, 2, -62, -67]
['525049494F5400000000000000000000', 1, 2, -62, -78]
['525049494F5400000000000000000000', 1, 2, -62, -67]
['525049494F5400000000000000000000', 1, 2, -62, -54]
['BEC4225B5F79862473D71567FFEE553D', 64267, 8696, -117, -66]
['0100011DDCC3390C720B02011A07FF4C', 16, 523, 0, -88]
['525049494F5400000000000000000000', 1, 2, -62, -64]
['525049494F5400000000000000000000', 1, 2, -62, -65]
['0100011DDCC3390C720B02011A07FF4C', 16, 523, 0, -88]
['525049494F5400000000000000000000', 1, 2, -62, -50]
['525049494F5400000000000000000000', 1, 2, -62, -64]
['525049494F5400000000000000000000', 1, 2, -62, -54]
['BEC4225B5F79862473D71567FFEE553D', 64267, 8696, -117, -66]
['525049494F5400000000000000000000', 1, 2, -62, -66]
['525049494F5400000000000000000000', 1, 2, -62, -66]
['525049494F5400000000000000000000', 1, 2, -62, -54]
['525049494F5400000000000000000000', 1, 2, -62, -64]
['525049494F5400000000000000000000', 1, 2, -62, -50]
['525049494F5400000000000000000000', 1, 2, -62, -66]
['525049494F5400000000000000000000', 1, 2, -62, -50]
['525049494F5400000000000000000000', 1, 2, -62, -66]
['525049494F5400000000000000000000', 1, 2, -62, -66]
['525049494F5400000000000000000000', 1, 2, -62, -50]
['525049494F5400000000000000000000', 1, 2, -62, -67]
['525049494F5400000000000000000000', 1, 2, -62, -50]
['525049494F5400000000000000000000', 1, 2, -62, -66]
['525049494F5400000000000000000000', 1, 2, -62, -67]
['0100011DDCC3390C720B02011A07FF4C', 16, 523, 0, -86]
['525049494F5400000000000000000000', 1, 2, -62, -67]
['BEC4225B5F79862473D71567FFEE553D', 64267, 8696, -117, -60]
['525049494F5400000000000000000000', 1, 2, -62, -51]
['525049494F5400000000000000000000', 1, 2, -62, -68]
['525049494F5400000000000000000000', 1, 2, -62, -51]
['525049494F5400000000000000000000', 1, 2, -62, -68]
['525049494F5400000000000000000000', 1, 2, -62, -73]
['525049494F5400000000000000000000', 1, 2, -62, -66]
['BEC4225B5F79862473D71567FFEE553D', 64267, 8696, -117, -50]
['525049494F5400000000000000000000', 1, 2, -62, -50]
['525049494F5400000000000000000000', 1, 2, -62, -65]
['525049494F5400000000000000000000', 1, 2, -62, -54]
['525049494F5400000000000000000000', 1, 2, -62, -65]
['525049494F5400000000000000000000', 1, 2, -62, -53]
['0100011DDCC3390C720B02011A07FF4C', 16, 523, 0, -91]
['525049494F5400000000000000000000', 1, 2, -62, -66]
['BEC4225B5F79862473D71567FFEE553D', 64267, 8696, -117, -51]
['525049494F5400000000000000000000', 1, 2, -62, -54]
['525049494F5400000000000000000000', 1, 2, -62, -66]
['525049494F5400000000000000000000', 1, 2, -62, -51]
['525049494F5400000000000000000000', 1, 2, -62, -54]
['525049494F5400000000000000000000', 1, 2, -62, -66]
['525049494F5400000000000000000000', 1, 2, -62, -54]
['BEC4225B5F79862473D71567FFEE553D', 64267, 8696, -117, -51]
['525049494F5400000000000000000000', 1, 2, -62, -66]
['525049494F5400000000000000000000', 1, 2, -62, -50]
['525049494F5400000000000000000000', 1, 2, -62, -64]
['525049494F5400000000000000000000', 1, 2, -62, -50]
['525049494F5400000000000000000000', 1, 2, -62, -66]

