['525049494F5400000000000000000000', 1, 2, -62, -64]
['0100018980913F8F490B02011A07FF4C', 16, 523, 64, -98]
['525049494F5400000000000000000000', 1, 2, -62, -50]
['0100018FDB11C384530B02011A07FF4C', 16, 523, 0, -102]
['525049494F5400000000000000000000', 1, 2, -62, -51]
['525049494F5400000000000000000000', 1, 2, -62, -63]
['0100018FDB11C384530B02011A07FF4C', 16, 523, 0, -100]
['525049494F5400000000000000000000', 1, 2, -62, -51]
['525049494F5400000000000000000000', 1, 2, -62, -64]
['BEC4225B5F79862473D71567FFEE553C', 64267, 8696, -117, -64]
['525049494F5400000000000000000000', 1, 2, -62, -51]
['525049494F5400000000000000000000', 1, 2, -62, -63]
['525049494F5400000000000000000000', 1, 2, -62, -51]
['525049494F5400000000000000000000', 1, 2, -62, -65]
['525049494F5400000000000000000000', 1, 2, -62, -50]
['525049494F5400000000000000000000', 1, 2, -62, -63]
['BEC4225B5F79862473D71567FFEE553C', 64267, 8696, -117, -50]
['0100018FDB11C384530B02011A07FF4C', 16, 523, 0, -100]
['525049494F5400000000000000000000', 1, 2, -62, -50]
['525049494F5400000000000000000000', 1, 2, -62, -65]
['525049494F5400000000000000000000', 1, 2, -62, -50]
['525049494F5400000000000000000000', 1, 2, -62, -65]
['525049494F5400000000000000000000', 1, 2, -62, -50]
['525049494F5400000000000000000000', 1, 2, -62, -65]
['BEC4225B5F79862473D71567FFEE553C', 64267, 8696, -117, -51]
['525049494F5400000000000000000000', 1, 2, -62, -51]
['525049494F5400000000000000000000', 1, 2, -62, -51]
['525049494F5400000000000000000000', 1, 2, -62, -56]
['525049494F5400000000000000000000', 1, 2, -62, -51]
['525049494F5400000000000000000000', 1, 2, -62, -51]
['525049494F5400000000000000000000', 1, 2, -62, -63]
['525049494F5400000000000000000000', 1, 2, -62, -52]
['525049494F5400000000000000000000', 1, 2, -62, -63]
['0100018FDB11C384530B02011A07FF4C', 16, 523, 0, -101]
['525049494F5400000000000000000000', 1, 2, -62, -51]
['525049494F5400000000000000000000', 1, 2, -62, -67]
['BEC4225B5F79862473D71567FFEE553C', 64267, 8696, -117, -64]
['525049494F5400000000000000000000', 1, 2, -62, -51]
['525049494F5400000000000000000000', 1, 2, -62, -68]
['525049494F5400000000000000000000', 1, 2, -62, -51]
['0100018FDB11C384530B02011A07FF4C', 16, 523, 0, -93]
['525049494F5400000000000000000000', 1, 2, -62, -67]
['0100018980913F8F490B02011A07FF4C', 16, 523, 64, -97]
['525049494F5400000000000000000000', 1, 2, -62, -51]
['525049494F5400000000000000000000', 1, 2, -62, -67]
['525049494F5400000000000000000000', 1, 2, -62, -52]
['525049494F5400000000000000000000', 1, 2, -62, -51]
['0100018980913F8F490B02011A07FF4C', 16, 523, 64, -98]
['525049494F5400000000000000000000', 1, 2, -62, -51]
['0100018980913F8F490B02011A07FF4C', 16, 523, 64, -78]
['525049494F5400000000000000000000', 1, 2, -62, -66]
['525049494F5400000000000000000000', 1, 2, -62, -50]
['525049494F5400000000000000000000', 1, 2, -62, -51]
['525049494F5400000000000000000000', 1, 2, -62, -51]
['BEC4225B5F79862473D71567FFEE553C', 64267, 8696, -117, -51]
['0100018980913F8F490B02011A07FF4C', 16, 523, 64, -101]
['0100018FDB11C384530B02011A07FF4C', 16, 523, 0, -89]
['525049494F5400000000000000000000', 1, 2, -62, -66]
['525049494F5400000000000000000000', 1, 2, -62, -51]
['0100018980913F8F490B02011A07FF4C', 16, 523, 64, -88]
['525049494F5400000000000000000000', 1, 2, -62, -50]
['525049494F5400000000000000000000', 1, 2, -62, -66]
['525049494F5400000000000000000000', 1, 2, -62, -50]
['0100018980913F8F490B02011A07FF4C', 16, 523, 64, -79]
['0100018FDB11C384530B02011A07FF4C', 16, 523, 0, -99]
['525049494F5400000000000000000000', 1, 2, -62, -64]
['525049494F5400000000000000000000', 1, 2, -62, -51]
['525049494F5400000000000000000000', 1, 2, -62, -66]
['525049494F5400000000000000000000', 1, 2, -62, -50]
['525049494F5400000000000000000000', 1, 2, -62, -65]
['525049494F5400000000000000000000', 1, 2, -62, -61]
['BEC4225B5F79862473D71567FFEE553C', 64267, 8696, -117, -67]
['525049494F5400000000000000000000', 1, 2, -62, -51]
['525049494F5400000000000000000000', 1, 2, -62, -51]
['0100018980913F8F490B02011A07FF4C', 16, 523, 64, -92]
['525049494F5400000000000000000000', 1, 2, -62, -50]
['525049494F5400000000000000000000', 1, 2, -62, -51]
['0100018980913F8F490B02011A07FF4C', 16, 523, 64, -99]
['525049494F5400000000000000000000', 1, 2, -62, -51]
['525049494F5400000000000000000000', 1, 2, -62, -51]
['BEC4225B5F79862473D71567FFEE553C', 64267, 8696, -117, -51]
['525049494F5400000000000000000000', 1, 2, -62, -51]
['525049494F5400000000000000000000', 1, 2, -62, -63]
['525049494F5400000000000000000000', 1, 2, -62, -50]
['525049494F5400000000000000000000', 1, 2, -62, -63]
['525049494F5400000000000000000000', 1, 2, -62, -51]
['0100018980913F8F490B02011A07FF4C', 16, 523, 64, -94]
['525049494F5400000000000000000000', 1, 2, -62, -64]
['BEC4225B5F79862473D71567FFEE553C', 64267, 8696, -117, -50]
['525049494F5400000000000000000000', 1, 2, -62, -50]
['0100018980913F8F490B02011A07FF4C', 16, 523, 64, -92]
['525049494F5400000000000000000000', 1, 2, -62, -51]
['525049494F5400000000000000000000', 1, 2, -62, -50]
['525049494F5400000000000000000000', 1, 2, -62, -64]
['525049494F5400000000000000000000', 1, 2, -62, -52]
['BEC4225B5F79862473D71567FFEE553C', 64267, 8696, -117, -51]
['525049494F5400000000000000000000', 1, 2, -62, -63]
['525049494F5400000000000000000000', 1, 2, -62, -51]
['525049494F5400000000000000000000', 1, 2, -62, -63]
['525049494F5400000000000000000000', 1, 2, -62, -51]
['525049494F5400000000000000000000', 1, 2, -62, -63]
['525049494F5400000000000000000000', 1, 2, -62, -50]
['0100018FDB11C384530B02011A07FF4C', 16, 523, 0, -91]
['BEC4225B5F79862473D71567FFEE553C', 64267, 8696, -117, -51]
['525049494F5400000000000000000000', 1, 2, -62, -64]
['525049494F5400000000000000000000', 1, 2, -62, -50]
['0100018FDB11C384530B02011A07FF4C', 16, 523, 0, -87]
['525049494F5400000000000000000000', 1, 2, -62, -66]
['525049494F5400000000000000000000', 1, 2, -62, -50]
['525049494F5400000000000000000000', 1, 2, -62, -65]
['525049494F5400000000000000000000', 1, 2, -62, -51]
['525049494F5400000000000000000000', 1, 2, -62, -54]
['BEC4225B5F79862473D71567FFEE553C', 64267, 8696, -117, -67]
['0100018980913F8F490B02011A07FF4C', 16, 523, 64, -95]
['0100018FDB11C384530B02011A07FF4C', 16, 523, 0, -98]
['525049494F5400000000000000000000', 1, 2, -62, -50]
['525049494F5400000000000000000000', 1, 2, -62, -63]
['010001548F031D8D450B02011A07FF4C', 16, 523, 0, -98]
['525049494F5400000000000000000000', 1, 2, -62, -51]
['0100018FDB11C384530B02011A07FF4C', 16, 523, 0, -87]
['525049494F5400000000000000000000', 1, 2, -62, -51]
['525049494F5400000000000000000000', 1, 2, -62, -50]
['BEC4225B5F79862473D71567FFEE553C', 64267, 8696, -117, -63]
['525049494F5400000000000000000000', 1, 2, -62, -50]
['0100018FDB11C384530B02011A07FF4C', 16, 523, 0, -89]
['525049494F5400000000000000000000', 1, 2, -62, -67]
['525049494F5400000000000000000000', 1, 2, -62, -49]
['525049494F5400000000000000000000', 1, 2, -62, -50]
['BEC4225B5F79862473D71567FFEE553C', 64267, 8696, -117, -50]
['525049494F5400000000000000000000', 1, 2, -62, -67]
['525049494F5400000000000000000000', 1, 2, -62, -50]
['525049494F5400000000000000000000', 1, 2, -62, -66]
['010001548F031D8D450B02011A07FF4C', 16, 523, 0, -97]
['525049494F5400000000000000000000', 1, 2, -62, -49]
['525049494F5400000000000000000000', 1, 2, -62, -50]
['BEC4225B5F79862473D71567FFEE553C', 64267, 8696, -117, -51]
['525049494F5400000000000000000000', 1, 2, -62, -50]
['525049494F5400000000000000000000', 1, 2, -62, -66]
['525049494F5400000000000000000000', 1, 2, -62, -50]
['0100018980913F8F490B02011A07FF4C', 16, 523, 64, -102]
['0100018980913F8F490B02011A07FF4C', 16, 523, 64, -89]
['525049494F5400000000000000000000', 1, 2, -62, -51]
['525049494F5400000000000000000000', 1, 2, -62, -50]
['BEC4225B5F79862473D71567FFEE553C', 64267, 8696, -117, -51]
['525049494F5400000000000000000000', 1, 2, -62, -74]
['525049494F5400000000000000000000', 1, 2, -62, -51]
['010001548F031D8D450B02011A07FF4C', 16, 523, 0, -95]
['525049494F5400000000000000000000', 1, 2, -62, -51]
['525049494F5400000000000000000000', 1, 2, -62, -50]
['010001548F031D8D450B02011A07FF4C', 16, 523, 0, -100]
['BEC4225B5F79862473D71567FFEE553C', 64267, 8696, -117, -66]
['525049494F5400000000000000000000', 1, 2, -62, -50]
['525049494F5400000000000000000000', 1, 2, -62, -65]
['525049494F5400000000000000000000', 1, 2, -62, -51]
['525049494F5400000000000000000000', 1, 2, -62, -79]
['525049494F5400000000000000000000', 1, 2, -62, -51]
['BEC4225B5F79862473D71567FFEE553C', 64267, 8696, -117, -65]
['525049494F5400000000000000000000', 1, 2, -62, -67]
['525049494F5400000000000000000000', 1, 2, -62, -51]
['0100018FDB11C384530B02011A07FF4C', 16, 523, 0, -89]
['525049494F5400000000000000000000', 1, 2, -62, -67]
['525049494F5400000000000000000000', 1, 2, -62, -51]
['0100018FDB11C384530B02011A07FF4C', 16, 523, 0, -90]
['525049494F5400000000000000000000', 1, 2, -62, -50]
['BEC4225B5F79862473D71567FFEE553C', 64267, 8696, -117, -51]
['525049494F5400000000000000000000', 1, 2, -62, -50]
['0100018FDB11C384530B02011A07FF4C', 16, 523, 0, -90]
['525049494F5400000000000000000000', 1, 2, -62, -65]
['525049494F5400000000000000000000', 1, 2, -62, -51]
['525049494F5400000000000000000000', 1, 2, -62, -65]
['0100018FDB11C384530B02011A07FF4C', 16, 523, 0, -86]
['525049494F5400000000000000000000', 1, 2, -62, -64]
['BEC4225B5F79862473D71567FFEE553C', 64267, 8696, -117, -67]
['525049494F5400000000000000000000', 1, 2, -62, -51]
['525049494F5400000000000000000000', 1, 2, -62, -64]
['525049494F5400000000000000000000', 1, 2, -62, -50]
['0100018FDB11C384530B02011A07FF4C', 16, 523, 0, -86]
['525049494F5400000000000000000000', 1, 2, -62, -65]
['525049494F5400000000000000000000', 1, 2, -62, -51]
['0100018FDB11C384530B02011A07FF4C', 16, 523, 0, -95]
['525049494F5400000000000000000000', 1, 2, -62, -67]
['BEC4225B5F79862473D71567FFEE553C', 64267, 8696, -117, -51]
['525049494F5400000000000000000000', 1, 2, -62, -51]
['525049494F5400000000000000000000', 1, 2, -62, -67]
['0100018FDB11C384530B02011A07FF4C', 16, 523, 0, -92]
['525049494F5400000000000000000000', 1, 2, -62, -51]
['525049494F5400000000000000000000', 1, 2, -62, -50]
['525049494F5400000000000000000000', 1, 2, -62, -51]
['525049494F5400000000000000000000', 1, 2, -62, -51]
['0100018980913F8F490B02011A07FF4C', 16, 523, 64, -94]
['525049494F5400000000000000000000', 1, 2, -62, -51]
['BEC4225B5F79862473D71567FFEE553C', 64267, 8696, -117, -50]
['525049494F5400000000000000000000', 1, 2, -62, -50]
['525049494F5400000000000000000000', 1, 2, -62, -67]
['0100018FDB11C384530B02011A07FF4C', 16, 523, 0, -93]
['525049494F5400000000000000000000', 1, 2, -62, -67]
['0100018980913F8F490B02011A07FF4C', 16, 523, 64, -89]
['525049494F5400000000000000000000', 1, 2, -62, -52]
['525049494F5400000000000000000000', 1, 2, -62, -67]
['BEC4225B5F79862473D71567FFEE553C', 64267, 8696, -117, -72]
['525049494F5400000000000000000000', 1, 2, -62, -51]
['525049494F5400000000000000000000', 1, 2, -62, -51]
['525049494F5400000000000000000000', 1, 2, -62, -50]
['525049494F5400000000000000000000', 1, 2, -62, -51]
['BEC4225B5F79862473D71567FFEE553C', 64267, 8696, -117, -51]
['525049494F5400000000000000000000', 1, 2, -62, -68]
['525049494F5400000000000000000000', 1, 2, -62, -50]
['0100018FDB11C384530B02011A07FF4C', 16, 523, 0, -99]
['525049494F5400000000000000000000', 1, 2, -62, -50]
['525049494F5400000000000000000000', 1, 2, -62, -67]
['525049494F5400000000000000000000', 1, 2, -62, -50]
['BEC4225B5F79862473D71567FFEE553C', 64267, 8696, -117, -66]
['0100018FDB11C384530B02011A07FF4C', 16, 523, 0, -97]
['525049494F5400000000000000000000', 1, 2, -62, -51]
['525049494F5400000000000000000000', 1, 2, -62, -50]
['525049494F5400000000000000000000', 1, 2, -62, -51]
['525049494F5400000000000000000000', 1, 2, -62, -77]
['525049494F5400000000000000000000', 1, 2, -62, -66]
['525049494F5400000000000000000000', 1, 2, -62, -50]
['BEC4225B5F79862473D71567FFEE553C', 64267, 8696, -117, -65]
['525049494F5400000000000000000000', 1, 2, -62, -52]
['525049494F5400000000000000000000', 1, 2, -62, -50]
['525049494F5400000000000000000000', 1, 2, -62, -51]
['525049494F5400000000000000000000', 1, 2, -62, -66]
['BEC4225B5F79862473D71567FFEE553C', 64267, 8696, -117, -51]
['525049494F5400000000000000000000', 1, 2, -62, -50]
['525049494F5400000000000000000000', 1, 2, -62, -66]
['525049494F5400000000000000000000', 1, 2, -62, -50]
['525049494F5400000000000000000000', 1, 2, -62, -66]
['525049494F5400000000000000000000', 1, 2, -62, -51]
['525049494F5400000000000000000000', 1, 2, -62, -50]
['BEC4225B5F79862473D71567FFEE553C', 64267, 8696, -117, -51]
['525049494F5400000000000000000000', 1, 2, -62, -66]
['525049494F5400000000000000000000', 1, 2, -62, -50]
['525049494F5400000000000000000000', 1, 2, -62, -66]
['525049494F5400000000000000000000', 1, 2, -62, -66]
['525049494F5400000000000000000000', 1, 2, -62, -50]
['BEC4225B5F79862473D71567FFEE553C', 64267, 8696, -117, -67]
['525049494F5400000000000000000000', 1, 2, -62, -50]
['525049494F5400000000000000000000', 1, 2, -62, -51]
['525049494F5400000000000000000000', 1, 2, -62, -50]
['525049494F5400000000000000000000', 1, 2, -62, -52]
['525049494F5400000000000000000000', 1, 2, -62, -63]
['525049494F5400000000000000000000', 1, 2, -62, -51]
['BEC4225B5F79862473D71567FFEE553C', 64267, 8696, -117, -63]
['525049494F5400000000000000000000', 1, 2, -62, -64]
['0100018FDB11C384530B02011A07FF4C', 16, 523, 0, -92]
['525049494F5400000000000000000000', 1, 2, -62, -65]
['0100018FDB11C384530B02011A07FF4C', 16, 523, 0, -91]
['525049494F5400000000000000000000', 1, 2, -62, -51]
['525049494F5400000000000000000000', 1, 2, -62, -65]
['525049494F5400000000000000000000', 1, 2, -62, -64]
['BEC4225B5F79862473D71567FFEE553C', 64267, 8696, -117, -50]
['525049494F5400000000000000000000', 1, 2, -62, -64]
['525049494F5400000000000000000000', 1, 2, -62, -51]
['525049494F5400000000000000000000', 1, 2, -62, -65]
['0100018FDB11C384530B02011A07FF4C', 16, 523, 0, -87]
['525049494F5400000000000000000000', 1, 2, -62, -51]
['525049494F5400000000000000000000', 1, 2, -62, -65]
['BEC4225B5F79862473D71567FFEE553C', 64267, 8696, -117, -51]
['0100018FDB11C384530B02011A07FF4C', 16, 523, 0, -89]
['525049494F5400000000000000000000', 1, 2, -62, -65]
['525049494F5400000000000000000000', 1, 2, -62, -51]
['525049494F5400000000000000000000', 1, 2, -62, -65]
['525049494F5400000000000000000000', 1, 2, -62, -65]
['0100018FDB11C384530B02011A07FF4C', 16, 523, 0, -86]
['BEC4225B5F79862473D71567FFEE553C', 64267, 8696, -117, -67]
['525049494F5400000000000000000000', 1, 2, -62, -51]
['525049494F5400000000000000000000', 1, 2, -62, -63]
['525049494F5400000000000000000000', 1, 2, -62, -51]
['525049494F5400000000000000000000', 1, 2, -62, -51]
['525049494F5400000000000000000000', 1, 2, -62, -51]
['525049494F5400000000000000000000', 1, 2, -62, -51]
['BEC4225B5F79862473D71567FFEE553C', 64267, 8696, -117, -50]
['525049494F5400000000000000000000', 1, 2, -62, -51]
['525049494F5400000000000000000000', 1, 2, -62, -65]
['525049494F5400000000000000000000', 1, 2, -62, -51]
['525049494F5400000000000000000000', 1, 2, -62, -66]
['525049494F5400000000000000000000', 1, 2, -62, -51]
['525049494F5400000000000000000000', 1, 2, -62, -65]
['525049494F5400000000000000000000', 1, 2, -62, -51]
['525049494F5400000000000000000000', 1, 2, -62, -50]
['525049494F5400000000000000000000', 1, 2, -62, -51]
['525049494F5400000000000000000000', 1, 2, -62, -63]
['525049494F5400000000000000000000', 1, 2, -62, -51]
['525049494F5400000000000000000000', 1, 2, -62, -63]
['525049494F5400000000000000000000', 1, 2, -62, -51]
['525049494F5400000000000000000000', 1, 2, -62, -67]
['525049494F5400000000000000000000', 1, 2, -62, -51]
['0100018FDB11C384530B02011A07FF4C', 16, 523, 0, -89]
['525049494F5400000000000000000000', 1, 2, -62, -65]
['525049494F5400000000000000000000', 1, 2, -62, -51]
['BEC4225B5F79862473D71567FFEE553C', 64267, 8696, -117, -67]
['525049494F5400000000000000000000', 1, 2, -62, -65]
['525049494F5400000000000000000000', 1, 2, -62, -74]
['525049494F5400000000000000000000', 1, 2, -62, -71]
['525049494F5400000000000000000000', 1, 2, -62, -79]
['525049494F5400000000000000000000', 1, 2, -62, -51]
['525049494F5400000000000000000000', 1, 2, -62, -51]
['0100018FDB11C384530B02011A07FF4C', 16, 523, 0, -100]
['BEC4225B5F79862473D71567FFEE553C', 64267, 8696, -117, -50]
['525049494F5400000000000000000000', 1, 2, -62, -51]
['525049494F5400000000000000000000', 1, 2, -62, -67]
['0100018FDB11C384530B02011A07FF4C', 16, 523, 0, -90]
['525049494F5400000000000000000000', 1, 2, -62, -66]
['525049494F5400000000000000000000', 1, 2, -62, -51]
['525049494F5400000000000000000000', 1, 2, -62, -67]
['525049494F5400000000000000000000', 1, 2, -62, -51]
['BEC4225B5F79862473D71567FFEE553C', 64267, 8696, -117, -51]
['525049494F5400000000000000000000', 1, 2, -62, -67]
['0100018FDB11C384530B02011A07FF4C', 16, 523, 0, -86]
['525049494F5400000000000000000000', 1, 2, -62, -51]
['525049494F5400000000000000000000', 1, 2, -62, -67]
['0100018FDB11C384530B02011A07FF4C', 16, 523, 0, -85]
['525049494F5400000000000000000000', 1, 2, -62, -51]
['525049494F5400000000000000000000', 1, 2, -62, -67]
['525049494F5400000000000000000000', 1, 2, -62, -50]
['BEC4225B5F79862473D71567FFEE553C', 64267, 8696, -117, -66]
['525049494F5400000000000000000000', 1, 2, -62, -67]
['0100018FDB11C384530B02011A07FF4C', 16, 523, 0, -85]
['525049494F5400000000000000000000', 1, 2, -62, -51]
['525049494F5400000000000000000000', 1, 2, -62, -65]
['525049494F5400000000000000000000', 1, 2, -62, -51]
['0100018FDB11C384530B02011A07FF4C', 16, 523, 0, -87]
['525049494F5400000000000000000000', 1, 2, -62, -64]
['525049494F5400000000000000000000', 1, 2, -62, -51]
['525049494F5400000000000000000000', 1, 2, -62, -64]
['525049494F5400000000000000000000', 1, 2, -62, -51]
['525049494F5400000000000000000000', 1, 2, -62, -65]
['525049494F5400000000000000000000', 1, 2, -62, -51]
['525049494F5400000000000000000000', 1, 2, -62, -64]
['BEC4225B5F79862473D71567FFEE553C', 64267, 8696, -117, -63]
['525049494F5400000000000000000000', 1, 2, -62, -51]
['525049494F5400000000000000000000', 1, 2, -62, -51]
['525049494F5400000000000000000000', 1, 2, -62, -51]
['525049494F5400000000000000000000', 1, 2, -62, -50]
['525049494F5400000000000000000000', 1, 2, -62, -51]
['525049494F5400000000000000000000', 1, 2, -62, -50]
['BEC4225B5F79862473D71567FFEE553C', 64267, 8696, -117, -64]
['525049494F5400000000000000000000', 1, 2, -62, -51]
['525049494F5400000000000000000000', 1, 2, -62, -63]
['525049494F5400000000000000000000', 1, 2, -62, -80]
['525049494F5400000000000000000000', 1, 2, -62, -50]
['525049494F5400000000000000000000', 1, 2, -62, -51]
['525049494F5400000000000000000000', 1, 2, -62, -50]
['BEC4225B5F79862473D71567FFEE553C', 64267, 8696, -117, -64]
['525049494F5400000000000000000000', 1, 2, -62, -50]
['0100018FDB11C384530B02011A07FF4C', 16, 523, 0, -89]
['525049494F5400000000000000000000', 1, 2, -62, -66]
['525049494F5400000000000000000000', 1, 2, -62, -51]
['0100018FDB11C384530B02011A07FF4C', 16, 523, 0, -90]
['525049494F5400000000000000000000', 1, 2, -62, -50]
['525049494F5400000000000000000000', 1, 2, -62, -50]
['BEC4225B5F79862473D71567FFEE553C', 64267, 8696, -117, -67]
['525049494F5400000000000000000000', 1, 2, -62, -64]

