['525049494F5400000000000000000000', 1, 2, -62, -64]
['525049494F5400000000000000000000', 1, 2, -62, -58]
['525049494F5400000000000000000000', 1, 2, -62, -50]
['525049494F5400000000000000000000', 1, 2, -62, -59]
['525049494F5400000000000000000000', 1, 2, -62, -58]
['525049494F5400000000000000000000', 1, 2, -62, -58]
['525049494F5400000000000000000000', 1, 2, -62, -65]
['BEC4225B5F79862473D71567FFEE553C', 64267, 8696, -117, -72]
['525049494F5400000000000000000000', 1, 2, -62, -58]
['0100018FDB11C384530B02011A07FF4C', 16, 523, 0, -92]
['525049494F5400000000000000000000', 1, 2, -62, -64]
['525049494F5400000000000000000000', 1, 2, -62, -58]
['0100018FDB11C384530B02011A07FF4C', 16, 523, 0, -92]
['525049494F5400000000000000000000', 1, 2, -62, -64]
['525049494F5400000000000000000000', 1, 2, -62, -58]
['525049494F5400000000000000000000', 1, 2, -62, -74]
['BEC4225B5F79862473D71567FFEE553C', 64267, 8696, -117, -50]
['525049494F5400000000000000000000', 1, 2, -62, -50]
['525049494F5400000000000000000000', 1, 2, -62, -74]
['525049494F5400000000000000000000', 1, 2, -62, -50]
['0100018FDB11C384530B02011A07FF4C', 16, 523, 0, -88]
['525049494F5400000000000000000000', 1, 2, -62, -59]
['525049494F5400000000000000000000', 1, 2, -62, -75]
['BEC4225B5F79862473D71567FFEE553C', 64267, 8696, -117, -50]
['525049494F5400000000000000000000', 1, 2, -62, -50]
['0100018FDB11C384530B02011A07FF4C', 16, 523, 0, -102]
['525049494F5400000000000000000000', 1, 2, -62, -75]
['525049494F5400000000000000000000', 1, 2, -62, -50]
['525049494F5400000000000000000000', 1, 2, -62, -75]
['525049494F5400000000000000000000', 1, 2, -62, -59]
['525049494F5400000000000000000000', 1, 2, -62, -75]
['0100018FDB11C384530B02011A07FF4C', 16, 523, 0, -101]
['BEC4225B5F79862473D71567FFEE553C', 64267, 8696, -117, -75]
['525049494F5400000000000000000000', 1, 2, -62, -58]
['525049494F5400000000000000000000', 1, 2, -62, -58]
['525049494F5400000000000000000000', 1, 2, -62, -59]
['525049494F5400000000000000000000', 1, 2, -62, -85]
['BEC4225B5F79862473D71567FFEE553C', 64267, 8696, -117, -75]
['525049494F5400000000000000000000', 1, 2, -62, -58]
['525049494F5400000000000000000000', 1, 2, -62, -75]
['525049494F5400000000000000000000', 1, 2, -62, -58]
['525049494F5400000000000000000000', 1, 2, -62, -58]
['525049494F5400000000000000000000', 1, 2, -62, -72]
['BEC4225B5F79862473D71567FFEE553C', 64267, 8696, -117, -59]
['525049494F5400000000000000000000', 1, 2, -62, -59]
['525049494F5400000000000000000000', 1, 2, -62, -72]
['525049494F5400000000000000000000', 1, 2, -62, -59]
['525049494F5400000000000000000000', 1, 2, -62, -64]
['0100018FDB11C384530B02011A07FF4C', 16, 523, 0, -90]
['525049494F5400000000000000000000', 1, 2, -62, -72]
['BEC4225B5F79862473D71567FFEE553C', 64267, 8696, -117, -58]
['525049494F5400000000000000000000', 1, 2, -62, -59]
['525049494F5400000000000000000000', 1, 2, -62, -72]
['525049494F5400000000000000000000', 1, 2, -62, -50]
['525049494F5400000000000000000000', 1, 2, -62, -72]
['0100018FDB11C384530B02011A07FF4C', 16, 523, 0, -91]
['525049494F5400000000000000000000', 1, 2, -62, -50]
['525049494F5400000000000000000000', 1, 2, -62, -72]
['BEC4225B5F79862473D71567FFEE553C', 64267, 8696, -117, -50]
['525049494F5400000000000000000000', 1, 2, -62, -50]
['0100018FDB11C384530B02011A07FF4C', 16, 523, 0, -104]
['525049494F5400000000000000000000', 1, 2, -62, -72]
['525049494F5400000000000000000000', 1, 2, -62, -72]
['525049494F5400000000000000000000', 1, 2, -62, -59]
['525049494F5400000000000000000000', 1, 2, -62, -72]
['0100018FDB11C384530B02011A07FF4C', 16, 523, 0, -91]
['BEC4225B5F79862473D71567FFEE553C', 64267, 8696, -117, -75]
['525049494F5400000000000000000000', 1, 2, -62, -72]
['525049494F5400000000000000000000', 1, 2, -62, -72]
['525049494F5400000000000000000000', 1, 2, -62, -60]
['0100018FDB11C384530B02011A07FF4C', 16, 523, 0, -87]
['525049494F5400000000000000000000', 1, 2, -62, -72]
['BEC4225B5F79862473D71567FFEE553C', 64267, 8696, -117, -58]
['525049494F5400000000000000000000', 1, 2, -62, -59]
['525049494F5400000000000000000000', 1, 2, -62, -72]
['0100018FDB11C384530B02011A07FF4C', 16, 523, 0, -86]
['525049494F5400000000000000000000', 1, 2, -62, -72]
['0100018FDB11C384530B02011A07FF4C', 16, 523, 0, -87]
['525049494F5400000000000000000000', 1, 2, -62, -50]
['525049494F5400000000000000000000', 1, 2, -62, -59]
['525049494F5400000000000000000000', 1, 2, -62, -59]
['BEC4225B5F79862473D71567FFEE553C', 64267, 8696, -117, -72]
['0100018FDB11C384530B02011A07FF4C', 16, 523, 0, -87]
['525049494F5400000000000000000000', 1, 2, -62, -75]
['525049494F5400000000000000000000', 1, 2, -62, -58]
['525049494F5400000000000000000000', 1, 2, -62, -75]
['525049494F5400000000000000000000', 1, 2, -62, -59]
['525049494F5400000000000000000000', 1, 2, -62, -75]
['525049494F5400000000000000000000', 1, 2, -62, -50]
['BEC4225B5F79862473D71567FFEE553C', 64267, 8696, -117, -65]
['525049494F5400000000000000000000', 1, 2, -62, -72]
['525049494F5400000000000000000000', 1, 2, -62, -50]
['525049494F5400000000000000000000', 1, 2, -62, -75]
['525049494F5400000000000000000000', 1, 2, -62, -58]
['525049494F5400000000000000000000', 1, 2, -62, -58]
['525049494F5400000000000000000000', 1, 2, -62, -50]
['525049494F5400000000000000000000', 1, 2, -62, -58]
['525049494F5400000000000000000000', 1, 2, -62, -75]
['525049494F5400000000000000000000', 1, 2, -62, -50]
['525049494F5400000000000000000000', 1, 2, -62, -75]
['525049494F5400000000000000000000', 1, 2, -62, -58]
['BEC4225B5F79862473D71567FFEE553C', 64267, 8696, -117, -59]
['525049494F5400000000000000000000', 1, 2, -62, -75]
['525049494F5400000000000000000000', 1, 2, -62, -58]
['525049494F5400000000000000000000', 1, 2, -62, -76]
['525049494F5400000000000000000000', 1, 2, -62, -75]
['525049494F5400000000000000000000', 1, 2, -62, -58]
['BEC4225B5F79862473D71567FFEE553C', 64267, 8696, -117, -58]
['525049494F5400000000000000000000', 1, 2, -62, -58]
['525049494F5400000000000000000000', 1, 2, -62, -64]
['525049494F5400000000000000000000', 1, 2, -62, -60]
['0100018FDB11C384530B02011A07FF4C', 16, 523, 0, -87]
['525049494F5400000000000000000000', 1, 2, -62, -73]
['525049494F5400000000000000000000', 1, 2, -62, -59]
['525049494F5400000000000000000000', 1, 2, -62, -72]
['0100018FDB11C384530B02011A07FF4C', 16, 523, 0, -88]
['525049494F5400000000000000000000', 1, 2, -62, -60]
['525049494F5400000000000000000000', 1, 2, -62, -72]
['0100018FDB11C384530B02011A07FF4C', 16, 523, 0, -87]
['525049494F5400000000000000000000', 1, 2, -62, -72]
['525049494F5400000000000000000000', 1, 2, -62, -59]
['525049494F5400000000000000000000', 1, 2, -62, -63]
['BEC4225B5F79862473D71567FFEE553C', 64267, 8696, -117, -75]
['525049494F5400000000000000000000', 1, 2, -62, -60]
['525049494F5400000000000000000000', 1, 2, -62, -72]
['525049494F5400000000000000000000', 1, 2, -62, -59]
['525049494F5400000000000000000000', 1, 2, -62, -50]
['525049494F5400000000000000000000', 1, 2, -62, -72]
['525049494F5400000000000000000000', 1, 2, -62, -59]
['BEC4225B5F79862473D71567FFEE553C', 64267, 8696, -117, -72]
['525049494F5400000000000000000000', 1, 2, -62, -72]
['525049494F5400000000000000000000', 1, 2, -62, -59]
['525049494F5400000000000000000000', 1, 2, -62, -63]
['525049494F5400000000000000000000', 1, 2, -62, -58]
['525049494F5400000000000000000000', 1, 2, -62, -50]
['525049494F5400000000000000000000', 1, 2, -62, -59]
['525049494F5400000000000000000000', 1, 2, -62, -72]
['525049494F5400000000000000000000', 1, 2, -62, -50]
['BEC4225B5F79862473D71567FFEE553C', 64267, 8696, -117, -59]
['525049494F5400000000000000000000', 1, 2, -62, -59]
['525049494F5400000000000000000000', 1, 2, -62, -50]
['0100018FDB11C384530B02011A07FF4C', 16, 523, 0, -88]
['525049494F5400000000000000000000', 1, 2, -62, -59]
['525049494F5400000000000000000000', 1, 2, -62, -50]
['525049494F5400000000000000000000', 1, 2, -62, -59]
['0100018FDB11C384530B02011A07FF4C', 16, 523, 0, -90]
['525049494F5400000000000000000000', 1, 2, -62, -50]
['525049494F5400000000000000000000', 1, 2, -62, -72]
['BEC4225B5F79862473D71567FFEE553C', 64267, 8696, -117, -58]
['525049494F5400000000000000000000', 1, 2, -62, -50]
['525049494F5400000000000000000000', 1, 2, -62, -59]
['525049494F5400000000000000000000', 1, 2, -62, -50]
['525049494F5400000000000000000000', 1, 2, -62, -72]
['BEC4225B5F79862473D71567FFEE553C', 64267, 8696, -117, -59]
['525049494F5400000000000000000000', 1, 2, -62, -72]
['0100018FDB11C384530B02011A07FF4C', 16, 523, 0, -99]
['525049494F5400000000000000000000', 1, 2, -62, -60]
['525049494F5400000000000000000000', 1, 2, -62, -72]
['525049494F5400000000000000000000', 1, 2, -62, -60]
['0100018FDB11C384530B02011A07FF4C', 16, 523, 0, -83]
['525049494F5400000000000000000000', 1, 2, -62, -72]
['BEC4225B5F79862473D71567FFEE553C', 64267, 8696, -117, -64]
['0100018FDB11C384530B02011A07FF4C', 16, 523, 0, -86]
['525049494F5400000000000000000000', 1, 2, -62, -58]
['525049494F5400000000000000000000', 1, 2, -62, -74]
['525049494F5400000000000000000000', 1, 2, -62, -59]
['525049494F5400000000000000000000', 1, 2, -62, -50]
['BEC4225B5F79862473D71567FFEE553C', 64267, 8696, -117, -64]
['525049494F5400000000000000000000', 1, 2, -62, -58]
['525049494F5400000000000000000000', 1, 2, -62, -64]
['525049494F5400000000000000000000', 1, 2, -62, -89]
['525049494F5400000000000000000000', 1, 2, -62, -63]
['525049494F5400000000000000000000', 1, 2, -62, -59]
['525049494F5400000000000000000000', 1, 2, -62, -64]
['525049494F5400000000000000000000', 1, 2, -62, -59]
['525049494F5400000000000000000000', 1, 2, -62, -50]
['525049494F5400000000000000000000', 1, 2, -62, -59]
['525049494F5400000000000000000000', 1, 2, -62, -50]
['525049494F5400000000000000000000', 1, 2, -62, -63]
['BEC4225B5F79862473D71567FFEE553C', 64267, 8696, -117, -58]
['525049494F5400000000000000000000', 1, 2, -62, -58]
['525049494F5400000000000000000000', 1, 2, -62, -64]
['525049494F5400000000000000000000', 1, 2, -62, -50]
['525049494F5400000000000000000000', 1, 2, -62, -75]
['525049494F5400000000000000000000', 1, 2, -62, -50]
['BEC4225B5F79862473D71567FFEE553C', 64267, 8696, -117, -58]
['525049494F5400000000000000000000', 1, 2, -62, -75]
['525049494F5400000000000000000000', 1, 2, -62, -58]
['525049494F5400000000000000000000', 1, 2, -62, -74]
['525049494F5400000000000000000000', 1, 2, -62, -58]
['525049494F5400000000000000000000', 1, 2, -62, -74]
['525049494F5400000000000000000000', 1, 2, -62, -58]
['BEC4225B5F79862473D71567FFEE553C', 64267, 8696, -117, -50]
['525049494F5400000000000000000000', 1, 2, -62, -50]
['0100018FDB11C384530B02011A07FF4C', 16, 523, 0, -98]
['525049494F5400000000000000000000', 1, 2, -62, -59]
['525049494F5400000000000000000000', 1, 2, -62, -50]
['525049494F5400000000000000000000', 1, 2, -62, -59]
['0100018FDB11C384530B02011A07FF4C', 16, 523, 0, -101]
['525049494F5400000000000000000000', 1, 2, -62, -50]
['525049494F5400000000000000000000', 1, 2, -62, -58]
['0100018FDB11C384530B02011A07FF4C', 16, 523, 0, -90]
['BEC4225B5F79862473D71567FFEE553C', 64267, 8696, -117, -74]
['525049494F5400000000000000000000', 1, 2, -62, -75]
['525049494F5400000000000000000000', 1, 2, -62, -59]
['0100018FDB11C384530B02011A07FF4C', 16, 523, 0, -90]
['525049494F5400000000000000000000', 1, 2, -62, -59]
['525049494F5400000000000000000000', 1, 2, -62, -75]
['0100018FDB11C384530B02011A07FF4C', 16, 523, 0, -86]
['525049494F5400000000000000000000', 1, 2, -62, -58]
['525049494F5400000000000000000000', 1, 2, -62, -74]
['BEC4225B5F79862473D71567FFEE553C', 64267, 8696, -117, -59]
['525049494F5400000000000000000000', 1, 2, -62, -50]
['0100018FDB11C384530B02011A07FF4C', 16, 523, 0, -87]
['525049494F5400000000000000000000', 1, 2, -62, -72]
['525049494F5400000000000000000000', 1, 2, -62, -50]
['525049494F5400000000000000000000', 1, 2, -62, -74]
['0100018FDB11C384530B02011A07FF4C', 16, 523, 0, -85]
['525049494F5400000000000000000000', 1, 2, -62, -79]
['525049494F5400000000000000000000', 1, 2, -62, -74]
['BEC4225B5F79862473D71567FFEE553C', 64267, 8696, -117, -58]
['525049494F5400000000000000000000', 1, 2, -62, -58]
['525049494F5400000000000000000000', 1, 2, -62, -74]
['525049494F5400000000000000000000', 1, 2, -62, -50]
['525049494F5400000000000000000000', 1, 2, -62, -58]
['525049494F5400000000000000000000', 1, 2, -62, -50]
['525049494F5400000000000000000000', 1, 2, -62, -75]
['BEC4225B5F79862473D71567FFEE553C', 64267, 8696, -117, -64]
['525049494F5400000000000000000000', 1, 2, -62, -50]
['525049494F5400000000000000000000', 1, 2, -62, -59]
['525049494F5400000000000000000000', 1, 2, -62, -64]
['525049494F5400000000000000000000', 1, 2, -62, -59]
['525049494F5400000000000000000000', 1, 2, -62, -58]
['525049494F5400000000000000000000', 1, 2, -62, -58]
['525049494F5400000000000000000000', 1, 2, -62, -59]
['525049494F5400000000000000000000', 1, 2, -62, -59]
['525049494F5400000000000000000000', 1, 2, -62, -72]
['525049494F5400000000000000000000', 1, 2, -62, -59]
['525049494F5400000000000000000000', 1, 2, -62, -72]
['BEC4225B5F79862473D71567FFEE553C', 64267, 8696, -117, -72]
['525049494F5400000000000000000000', 1, 2, -62, -50]
['525049494F5400000000000000000000', 1, 2, -62, -72]
['525049494F5400000000000000000000', 1, 2, -62, -59]
['525049494F5400000000000000000000', 1, 2, -62, -63]
['525049494F5400000000000000000000', 1, 2, -62, -59]
['525049494F5400000000000000000000', 1, 2, -62, -50]
['BEC4225B5F79862473D71567FFEE553C', 64267, 8696, -117, -64]
['0100018FDB11C384530B02011A07FF4C', 16, 523, 0, -90]
['525049494F5400000000000000000000', 1, 2, -62, -50]
['525049494F5400000000000000000000', 1, 2, -62, -50]
['525049494F5400000000000000000000', 1, 2, -62, -71]
['525049494F5400000000000000000000', 1, 2, -62, -50]
['BEC4225B5F79862473D71567FFEE553C', 64267, 8696, -117, -59]
['525049494F5400000000000000000000', 1, 2, -62, -74]
['525049494F5400000000000000000000', 1, 2, -62, -58]
['525049494F5400000000000000000000', 1, 2, -62, -74]
['525049494F5400000000000000000000', 1, 2, -62, -50]
['525049494F5400000000000000000000', 1, 2, -62, -90]
['525049494F5400000000000000000000', 1, 2, -62, -64]
['BEC4225B5F79862473D71567FFEE553C', 64267, 8696, -117, -58]
['525049494F5400000000000000000000', 1, 2, -62, -59]
['525049494F5400000000000000000000', 1, 2, -62, -59]
['525049494F5400000000000000000000', 1, 2, -62, -50]
['525049494F5400000000000000000000', 1, 2, -62, -74]
['525049494F5400000000000000000000', 1, 2, -62, -58]
['BEC4225B5F79862473D71567FFEE553C', 64267, 8696, -117, -58]
['525049494F5400000000000000000000', 1, 2, -62, -58]
['525049494F5400000000000000000000', 1, 2, -62, -72]
['525049494F5400000000000000000000', 1, 2, -62, -58]
['525049494F5400000000000000000000', 1, 2, -62, -72]
['525049494F5400000000000000000000', 1, 2, -62, -72]
['525049494F5400000000000000000000', 1, 2, -62, -59]
['BEC4225B5F79862473D71567FFEE553C', 64267, 8696, -117, -50]
['525049494F5400000000000000000000', 1, 2, -62, -50]
['525049494F5400000000000000000000', 1, 2, -62, -72]
['525049494F5400000000000000000000', 1, 2, -62, -50]
['525049494F5400000000000000000000', 1, 2, -62, -72]
['525049494F5400000000000000000000', 1, 2, -62, -50]
['525049494F5400000000000000000000', 1, 2, -62, -72]
['BEC4225B5F79862473D71567FFEE553C', 64267, 8696, -117, -50]
['525049494F5400000000000000000000', 1, 2, -62, -50]
['525049494F5400000000000000000000', 1, 2, -62, -72]
['525049494F5400000000000000000000', 1, 2, -62, -50]
['525049494F5400000000000000000000', 1, 2, -62, -59]
['525049494F5400000000000000000000', 1, 2, -62, -50]
['525049494F5400000000000000000000', 1, 2, -62, -74]
['BEC4225B5F79862473D71567FFEE553C', 64267, 8696, -117, -74]
['525049494F5400000000000000000000', 1, 2, -62, -59]
['525049494F5400000000000000000000', 1, 2, -62, -74]
['525049494F5400000000000000000000', 1, 2, -62, -59]
['525049494F5400000000000000000000', 1, 2, -62, -65]
['525049494F5400000000000000000000', 1, 2, -62, -59]
['525049494F5400000000000000000000', 1, 2, -62, -74]
['BEC4225B5F79862473D71567FFEE553C', 64267, 8696, -117, -72]
['525049494F5400000000000000000000', 1, 2, -62, -50]
['525049494F5400000000000000000000', 1, 2, -62, -72]
['525049494F5400000000000000000000', 1, 2, -62, -50]
['525049494F5400000000000000000000', 1, 2, -62, -75]
['525049494F5400000000000000000000', 1, 2, -62, -50]
['0100018FDB11C384530B02011A07FF4C', 16, 523, 0, -90]
['525049494F5400000000000000000000', 1, 2, -62, -72]
['BEC4225B5F79862473D71567FFEE553C', 64267, 8696, -117, -50]
['0100018FDB11C384530B02011A07FF4C', 16, 523, 0, -89]
['525049494F5400000000000000000000', 1, 2, -62, -72]
['525049494F5400000000000000000000', 1, 2, -62, -58]
['525049494F5400000000000000000000', 1, 2, -62, -72]
['0100018FDB11C384530B02011A07FF4C', 16, 523, 0, -89]
['525049494F5400000000000000000000', 1, 2, -62, -50]
['525049494F5400000000000000000000', 1, 2, -62, -74]
['525049494F5400000000000000000000', 1, 2, -62, -50]
['BEC4225B5F79862473D71567FFEE553C', 64267, 8696, -117, -59]
['525049494F5400000000000000000000', 1, 2, -62, -74]
['525049494F5400000000000000000000', 1, 2, -62, -50]
['525049494F5400000000000000000000', 1, 2, -62, -72]
['525049494F5400000000000000000000', 1, 2, -62, -63]
['525049494F5400000000000000000000', 1, 2, -62, -60]
['525049494F5400000000000000000000', 1, 2, -62, -65]
['525049494F5400000000000000000000', 1, 2, -62, -59]
['525049494F5400000000000000000000', 1, 2, -62, -64]
['525049494F5400000000000000000000', 1, 2, -62, -59]
['525049494F5400000000000000000000', 1, 2, -62, -64]
['BEC4225B5F79862473D71567FFEE553C', 64267, 8696, -117, -72]
['0100018FDB11C384530B02011A07FF4C', 16, 523, 0, -87]
['525049494F5400000000000000000000', 1, 2, -62, -58]
['525049494F5400000000000000000000', 1, 2, -62, -58]
['0100018FDB11C384530B02011A07FF4C', 16, 523, 0, -89]
['525049494F5400000000000000000000', 1, 2, -62, -64]
['525049494F5400000000000000000000', 1, 2, -62, -59]
['525049494F5400000000000000000000', 1, 2, -62, -64]
['BEC4225B5F79862473D71567FFEE553C', 64267, 8696, -117, -50]
['525049494F5400000000000000000000', 1, 2, -62, -59]
['525049494F5400000000000000000000', 1, 2, -62, -64]
['525049494F5400000000000000000000', 1, 2, -62, -59]
['525049494F5400000000000000000000', 1, 2, -62, -59]
['0100018FDB11C384530B02011A07FF4C', 16, 523, 0, -90]
['525049494F5400000000000000000000', 1, 2, -62, -64]
['525049494F5400000000000000000000', 1, 2, -62, -60]
['BEC4225B5F79862473D71567FFEE553C', 64267, 8696, -117, -50]
['525049494F5400000000000000000000', 1, 2, -62, -63]
['525049494F5400000000000000000000', 1, 2, -62, -58]

