['525049494F5400000000000000000000', 1, 2, -62, -52]
['525049494F5400000000000000000000', 1, 2, -62, -74]
['525049494F5400000000000000000000', 1, 2, -62, -58]
['525049494F5400000000000000000000', 1, 2, -62, -58]
['525049494F5400000000000000000000', 1, 2, -62, -75]
['525049494F5400000000000000000000', 1, 2, -62, -74]
['525049494F5400000000000000000000', 1, 2, -62, -58]
['BEC4225B5F79862473D71567FFEE553C', 64267, 8696, -117, -58]
['525049494F5400000000000000000000', 1, 2, -62, -74]
['525049494F5400000000000000000000', 1, 2, -62, -58]
['525049494F5400000000000000000000', 1, 2, -62, -58]
['525049494F5400000000000000000000', 1, 2, -62, -58]
['BEC4225B5F79862473D71567FFEE553C', 64267, 8696, -117, -67]
['525049494F5400000000000000000000', 1, 2, -62, -58]
['525049494F5400000000000000000000', 1, 2, -62, -58]
['525049494F5400000000000000000000', 1, 2, -62, -52]
['525049494F5400000000000000000000', 1, 2, -62, -59]
['525049494F5400000000000000000000', 1, 2, -62, -58]
['BEC4225B5F79862473D71567FFEE553C', 64267, 8696, -117, -59]
['525049494F5400000000000000000000', 1, 2, -62, -53]
['525049494F5400000000000000000000', 1, 2, -62, -71]
['525049494F5400000000000000000000', 1, 2, -62, -82]
['525049494F5400000000000000000000', 1, 2, -62, -74]
['525049494F5400000000000000000000', 1, 2, -62, -52]
['525049494F5400000000000000000000', 1, 2, -62, -74]
['BEC4225B5F79862473D71567FFEE553C', 64267, 8696, -117, -72]
['525049494F5400000000000000000000', 1, 2, -62, -53]
['525049494F5400000000000000000000', 1, 2, -62, -71]
['525049494F5400000000000000000000', 1, 2, -62, -58]
['525049494F5400000000000000000000', 1, 2, -62, -58]
['BEC4225B5F79862473D71567FFEE553C', 64267, 8696, -117, -65]
['525049494F5400000000000000000000', 1, 2, -62, -58]
['525049494F5400000000000000000000', 1, 2, -62, -67]
['525049494F5400000000000000000000', 1, 2, -62, -57]
['525049494F5400000000000000000000', 1, 2, -62, -67]
['525049494F5400000000000000000000', 1, 2, -62, -57]
['BEC4225B5F79862473D71567FFEE553C', 64267, 8696, -117, -73]
['525049494F5400000000000000000000', 1, 2, -62, -58]
['525049494F5400000000000000000000', 1, 2, -62, -57]
['525049494F5400000000000000000000', 1, 2, -62, -58]
['525049494F5400000000000000000000', 1, 2, -62, -52]
['525049494F5400000000000000000000', 1, 2, -62, -52]
['525049494F5400000000000000000000', 1, 2, -62, -57]
['525049494F5400000000000000000000', 1, 2, -62, -52]
['525049494F5400000000000000000000', 1, 2, -62, -58]
['525049494F5400000000000000000000', 1, 2, -62, -67]
['525049494F5400000000000000000000', 1, 2, -62, -59]
['525049494F5400000000000000000000', 1, 2, -62, -67]
['BEC4225B5F79862473D71567FFEE553C', 64267, 8696, -117, -58]
['525049494F5400000000000000000000', 1, 2, -62, -58]
['525049494F5400000000000000000000', 1, 2, -62, -66]
['525049494F5400000000000000000000', 1, 2, -62, -57]
['525049494F5400000000000000000000', 1, 2, -62, -67]
['525049494F5400000000000000000000', 1, 2, -62, -58]
['525049494F5400000000000000000000', 1, 2, -62, -67]
['BEC4225B5F79862473D71567FFEE553C', 64267, 8696, -117, -65]
['525049494F5400000000000000000000', 1, 2, -62, -58]
['525049494F5400000000000000000000', 1, 2, -62, -67]
['525049494F5400000000000000000000', 1, 2, -62, -57]
['525049494F5400000000000000000000', 1, 2, -62, -67]
['525049494F5400000000000000000000', 1, 2, -62, -57]
['525049494F5400000000000000000000', 1, 2, -62, -66]
['525049494F5400000000000000000000', 1, 2, -62, -65]
['525049494F5400000000000000000000', 1, 2, -62, -58]
['525049494F5400000000000000000000', 1, 2, -62, -58]
['525049494F5400000000000000000000', 1, 2, -62, -73]
['BEC4225B5F79862473D71567FFEE553C', 64267, 8696, -117, -57]
['525049494F5400000000000000000000', 1, 2, -62, -58]
['525049494F5400000000000000000000', 1, 2, -62, -58]
['525049494F5400000000000000000000', 1, 2, -62, -74]
['525049494F5400000000000000000000', 1, 2, -62, -66]
['BEC4225B5F79862473D71567FFEE553C', 64267, 8696, -117, -57]
['525049494F5400000000000000000000', 1, 2, -62, -57]
['525049494F5400000000000000000000', 1, 2, -62, -71]
['525049494F5400000000000000000000', 1, 2, -62, -57]
['525049494F5400000000000000000000', 1, 2, -62, -71]
['525049494F5400000000000000000000', 1, 2, -62, -72]
['BEC4225B5F79862473D71567FFEE553C', 64267, 8696, -117, -72]
['525049494F5400000000000000000000', 1, 2, -62, -53]
['525049494F5400000000000000000000', 1, 2, -62, -73]
['525049494F5400000000000000000000', 1, 2, -62, -52]
['525049494F5400000000000000000000', 1, 2, -62, -52]
['525049494F5400000000000000000000', 1, 2, -62, -72]
['BEC4225B5F79862473D71567FFEE553C', 64267, 8696, -117, -52]
['525049494F5400000000000000000000', 1, 2, -62, -52]
['525049494F5400000000000000000000', 1, 2, -62, -71]
['525049494F5400000000000000000000', 1, 2, -62, -53]
['525049494F5400000000000000000000', 1, 2, -62, -58]
['525049494F5400000000000000000000', 1, 2, -62, -52]
['525049494F5400000000000000000000', 1, 2, -62, -57]
['525049494F5400000000000000000000', 1, 2, -62, -52]
['525049494F5400000000000000000000', 1, 2, -62, -57]
['525049494F5400000000000000000000', 1, 2, -62, -52]
['525049494F5400000000000000000000', 1, 2, -62, -72]
['525049494F5400000000000000000000', 1, 2, -62, -52]
['525049494F5400000000000000000000', 1, 2, -62, -71]
['525049494F5400000000000000000000', 1, 2, -62, -71]
['525049494F5400000000000000000000', 1, 2, -62, -73]
['525049494F5400000000000000000000', 1, 2, -62, -71]
['525049494F5400000000000000000000', 1, 2, -62, -53]
['525049494F5400000000000000000000', 1, 2, -62, -71]
['525049494F5400000000000000000000', 1, 2, -62, -52]
['BEC4225B5F79862473D71567FFEE553C', 64267, 8696, -117, -58]
['525049494F5400000000000000000000', 1, 2, -62, -71]
['525049494F5400000000000000000000', 1, 2, -62, -71]
['525049494F5400000000000000000000', 1, 2, -62, -57]
['525049494F5400000000000000000000', 1, 2, -62, -67]
['525049494F5400000000000000000000', 1, 2, -62, -57]
['BEC4225B5F79862473D71567FFEE553C', 64267, 8696, -117, -52]
['525049494F5400000000000000000000', 1, 2, -62, -67]
['525049494F5400000000000000000000', 1, 2, -62, -58]
['525049494F5400000000000000000000', 1, 2, -62, -65]
['525049494F5400000000000000000000', 1, 2, -62, -58]
['525049494F5400000000000000000000', 1, 2, -62, -52]
['525049494F5400000000000000000000', 1, 2, -62, -71]
['525049494F5400000000000000000000', 1, 2, -62, -52]
['BEC4225B5F79862473D71567FFEE553C', 64267, 8696, -117, -52]
['525049494F5400000000000000000000', 1, 2, -62, -57]
['525049494F5400000000000000000000', 1, 2, -62, -53]
['525049494F5400000000000000000000', 1, 2, -62, -57]
['525049494F5400000000000000000000', 1, 2, -62, -58]
['525049494F5400000000000000000000', 1, 2, -62, -57]
['BEC4225B5F79862473D71567FFEE553C', 64267, 8696, -117, -65]
['525049494F5400000000000000000000', 1, 2, -62, -58]
['525049494F5400000000000000000000', 1, 2, -62, -52]
['525049494F5400000000000000000000', 1, 2, -62, -57]
['525049494F5400000000000000000000', 1, 2, -62, -52]
['525049494F5400000000000000000000', 1, 2, -62, -57]
['525049494F5400000000000000000000', 1, 2, -62, -52]
['BEC4225B5F79862473D71567FFEE553C', 64267, 8696, -117, -57]
['525049494F5400000000000000000000', 1, 2, -62, -72]
['525049494F5400000000000000000000', 1, 2, -62, -52]
['525049494F5400000000000000000000', 1, 2, -62, -72]
['525049494F5400000000000000000000', 1, 2, -62, -58]
['525049494F5400000000000000000000', 1, 2, -62, -72]
['525049494F5400000000000000000000', 1, 2, -62, -52]
['BEC4225B5F79862473D71567FFEE553C', 64267, 8696, -117, -73]
['525049494F5400000000000000000000', 1, 2, -62, -52]
['525049494F5400000000000000000000', 1, 2, -62, -58]
['525049494F5400000000000000000000', 1, 2, -62, -73]
['525049494F5400000000000000000000', 1, 2, -62, -52]
['BEC4225B5F79862473D71567FFEE553C', 64267, 8696, -117, -58]
['525049494F5400000000000000000000', 1, 2, -62, -58]
['525049494F5400000000000000000000', 1, 2, -62, -67]
['525049494F5400000000000000000000', 1, 2, -62, -67]
['525049494F5400000000000000000000', 1, 2, -62, -59]
['BEC4225B5F79862473D71567FFEE553C', 64267, 8696, -117, -67]
['525049494F5400000000000000000000', 1, 2, -62, -58]
['525049494F5400000000000000000000', 1, 2, -62, -73]
['525049494F5400000000000000000000', 1, 2, -62, -53]
['525049494F5400000000000000000000', 1, 2, -62, -73]
['525049494F5400000000000000000000', 1, 2, -62, -52]
['525049494F5400000000000000000000', 1, 2, -62, -73]
['BEC4225B5F79862473D71567FFEE553C', 64267, 8696, -117, -58]
['525049494F5400000000000000000000', 1, 2, -62, -52]
['525049494F5400000000000000000000', 1, 2, -62, -73]
['525049494F5400000000000000000000', 1, 2, -62, -58]
['525049494F5400000000000000000000', 1, 2, -62, -67]
['525049494F5400000000000000000000', 1, 2, -62, -58]
['525049494F5400000000000000000000', 1, 2, -62, -73]
['BEC4225B5F79862473D71567FFEE553C', 64267, 8696, -117, -72]
['525049494F5400000000000000000000', 1, 2, -62, -58]
['525049494F5400000000000000000000', 1, 2, -62, -58]
['525049494F5400000000000000000000', 1, 2, -62, -52]
['525049494F5400000000000000000000', 1, 2, -62, -58]
['525049494F5400000000000000000000', 1, 2, -62, -67]
['BEC4225B5F79862473D71567FFEE553C', 64267, 8696, -117, -67]
['525049494F5400000000000000000000', 1, 2, -62, -57]
['525049494F5400000000000000000000', 1, 2, -62, -72]
['525049494F5400000000000000000000', 1, 2, -62, -66]
['525049494F5400000000000000000000', 1, 2, -62, -58]
['525049494F5400000000000000000000', 1, 2, -62, -72]
['BEC4225B5F79862473D71567FFEE553C', 64267, 8696, -117, -73]
['525049494F5400000000000000000000', 1, 2, -62, -57]
['525049494F5400000000000000000000', 1, 2, -62, -71]
['525049494F5400000000000000000000', 1, 2, -62, -57]
['525049494F5400000000000000000000', 1, 2, -62, -57]
['525049494F5400000000000000000000', 1, 2, -62, -52]
['BEC4225B5F79862473D71567FFEE553C', 64267, 8696, -117, -72]
['525049494F5400000000000000000000', 1, 2, -62, -58]
['525049494F5400000000000000000000', 1, 2, -62, -58]
['525049494F5400000000000000000000', 1, 2, -62, -57]
['525049494F5400000000000000000000', 1, 2, -62, -53]
['525049494F5400000000000000000000', 1, 2, -62, -57]
['525049494F5400000000000000000000', 1, 2, -62, -52]
['525049494F5400000000000000000000', 1, 2, -62, -73]
['BEC4225B5F79862473D71567FFEE553C', 64267, 8696, -117, -52]
['525049494F5400000000000000000000', 1, 2, -62, -58]
['525049494F5400000000000000000000', 1, 2, -62, -73]
['525049494F5400000000000000000000', 1, 2, -62, -52]
['525049494F5400000000000000000000', 1, 2, -62, -57]
['525049494F5400000000000000000000', 1, 2, -62, -52]
['525049494F5400000000000000000000', 1, 2, -62, -57]
['BEC4225B5F79862473D71567FFEE553C', 64267, 8696, -117, -73]
['525049494F5400000000000000000000', 1, 2, -62, -67]
['525049494F5400000000000000000000', 1, 2, -62, -58]
['525049494F5400000000000000000000', 1, 2, -62, -67]
['525049494F5400000000000000000000', 1, 2, -62, -58]
['525049494F5400000000000000000000', 1, 2, -62, -67]
['525049494F5400000000000000000000', 1, 2, -62, -57]
['BEC4225B5F79862473D71567FFEE553C', 64267, 8696, -117, -58]
['525049494F5400000000000000000000', 1, 2, -62, -67]
['525049494F5400000000000000000000', 1, 2, -62, -72]
['525049494F5400000000000000000000', 1, 2, -62, -52]
['BEC4225B5F79862473D71567FFEE553C', 64267, 8696, -117, -61]
['525049494F5400000000000000000000', 1, 2, -62, -72]
['525049494F5400000000000000000000', 1, 2, -62, -52]
['525049494F5400000000000000000000', 1, 2, -62, -57]
['525049494F5400000000000000000000', 1, 2, -62, -58]
['525049494F5400000000000000000000', 1, 2, -62, -52]
['BEC4225B5F79862473D71567FFEE553C', 64267, 8696, -117, -73]
['525049494F5400000000000000000000', 1, 2, -62, -71]
['525049494F5400000000000000000000', 1, 2, -62, -58]
['525049494F5400000000000000000000', 1, 2, -62, -71]
['525049494F5400000000000000000000', 1, 2, -62, -71]
['525049494F5400000000000000000000', 1, 2, -62, -53]
['525049494F5400000000000000000000', 1, 2, -62, -71]
['BEC4225B5F79862473D71567FFEE553C', 64267, 8696, -117, -58]
['525049494F5400000000000000000000', 1, 2, -62, -52]
['525049494F5400000000000000000000', 1, 2, -62, -71]
['525049494F5400000000000000000000', 1, 2, -62, -58]
['525049494F5400000000000000000000', 1, 2, -62, -66]
['525049494F5400000000000000000000', 1, 2, -62, -57]
['525049494F5400000000000000000000', 1, 2, -62, -67]
['BEC4225B5F79862473D71567FFEE553C', 64267, 8696, -117, -74]
['525049494F5400000000000000000000', 1, 2, -62, -58]
['525049494F5400000000000000000000', 1, 2, -62, -73]
['525049494F5400000000000000000000', 1, 2, -62, -52]
['525049494F5400000000000000000000', 1, 2, -62, -73]
['525049494F5400000000000000000000', 1, 2, -62, -52]
['525049494F5400000000000000000000', 1, 2, -62, -73]
['BEC4225B5F79862473D71567FFEE553C', 64267, 8696, -117, -58]
['525049494F5400000000000000000000', 1, 2, -62, -52]
['525049494F5400000000000000000000', 1, 2, -62, -71]
['525049494F5400000000000000000000', 1, 2, -62, -53]
['525049494F5400000000000000000000', 1, 2, -62, -72]
['525049494F5400000000000000000000', 1, 2, -62, -76]
['525049494F5400000000000000000000', 1, 2, -62, -74]
['BEC4225B5F79862473D71567FFEE553C', 64267, 8696, -117, -52]
['525049494F5400000000000000000000', 1, 2, -62, -58]
['525049494F5400000000000000000000', 1, 2, -62, -58]
['525049494F5400000000000000000000', 1, 2, -62, -58]
['525049494F5400000000000000000000', 1, 2, -62, -67]
['BEC4225B5F79862473D71567FFEE553C', 64267, 8696, -117, -58]
['525049494F5400000000000000000000', 1, 2, -62, -59]
['525049494F5400000000000000000000', 1, 2, -62, -58]
['525049494F5400000000000000000000', 1, 2, -62, -67]
['525049494F5400000000000000000000', 1, 2, -62, -58]
['525049494F5400000000000000000000', 1, 2, -62, -67]
['BEC4225B5F79862473D71567FFEE553C', 64267, 8696, -117, -85]
['525049494F5400000000000000000000', 1, 2, -62, -58]
['525049494F5400000000000000000000', 1, 2, -62, -65]
['525049494F5400000000000000000000', 1, 2, -62, -58]
['525049494F5400000000000000000000', 1, 2, -62, -52]
['BEC4225B5F79862473D71567FFEE553C', 64267, 8696, -117, -52]
['525049494F5400000000000000000000', 1, 2, -62, -58]
['525049494F5400000000000000000000', 1, 2, -62, -52]
['525049494F5400000000000000000000', 1, 2, -62, -71]
['525049494F5400000000000000000000', 1, 2, -62, -52]
['525049494F5400000000000000000000', 1, 2, -62, -72]
['525049494F5400000000000000000000', 1, 2, -62, -52]
['BEC4225B5F79862473D71567FFEE553C', 64267, 8696, -117, -53]
['525049494F5400000000000000000000', 1, 2, -62, -73]
['525049494F5400000000000000000000', 1, 2, -62, -58]
['525049494F5400000000000000000000', 1, 2, -62, -73]
['525049494F5400000000000000000000', 1, 2, -62, -59]
['525049494F5400000000000000000000', 1, 2, -62, -74]
['525049494F5400000000000000000000', 1, 2, -62, -59]
['BEC4225B5F79862473D71567FFEE553C', 64267, 8696, -117, -58]
['525049494F5400000000000000000000', 1, 2, -62, -73]
['525049494F5400000000000000000000', 1, 2, -62, -53]
['525049494F5400000000000000000000', 1, 2, -62, -73]
['525049494F5400000000000000000000', 1, 2, -62, -52]
['525049494F5400000000000000000000', 1, 2, -62, -72]
['525049494F5400000000000000000000', 1, 2, -62, -58]
['525049494F5400000000000000000000', 1, 2, -62, -57]
['BEC4225B5F79862473D71567FFEE553C', 64267, 8696, -117, -72]
['525049494F5400000000000000000000', 1, 2, -62, -67]
['525049494F5400000000000000000000', 1, 2, -62, -58]
['525049494F5400000000000000000000', 1, 2, -62, -67]
['525049494F5400000000000000000000', 1, 2, -62, -59]
['BEC4225B5F79862473D71567FFEE553C', 64267, 8696, -117, -59]
['525049494F5400000000000000000000', 1, 2, -62, -67]
['525049494F5400000000000000000000', 1, 2, -62, -66]
['525049494F5400000000000000000000', 1, 2, -62, -58]
['525049494F5400000000000000000000', 1, 2, -62, -59]
['525049494F5400000000000000000000', 1, 2, -62, -66]
['525049494F5400000000000000000000', 1, 2, -62, -58]
['525049494F5400000000000000000000', 1, 2, -62, -68]
['525049494F5400000000000000000000', 1, 2, -62, -58]
['525049494F5400000000000000000000', 1, 2, -62, -72]
['525049494F5400000000000000000000', 1, 2, -62, -58]
['BEC4225B5F79862473D71567FFEE553C', 64267, 8696, -117, -57]
['525049494F5400000000000000000000', 1, 2, -62, -59]
['525049494F5400000000000000000000', 1, 2, -62, -53]

