['BEC4225B5F79862473D71567FFEE553C', 64267, 8696, -117, -78]
['525049494F5400000000000000000000', 1, 2, -62, -55]
['525049494F5400000000000000000000', 1, 2, -62, -64]
['525049494F5400000000000000000000', 1, 2, -62, -78]
['525049494F5400000000000000000000', 1, 2, -62, -78]
['525049494F5400000000000000000000', 1, 2, -62, -55]
['525049494F5400000000000000000000', 1, 2, -62, -78]
['BEC4225B5F79862473D71567FFEE553C', 64267, 8696, -117, -64]
['525049494F5400000000000000000000', 1, 2, -62, -55]
['525049494F5400000000000000000000', 1, 2, -62, -78]
['525049494F5400000000000000000000', 1, 2, -62, -55]
['525049494F5400000000000000000000', 1, 2, -62, -65]
['525049494F5400000000000000000000', 1, 2, -62, -67]
['525049494F5400000000000000000000', 1, 2, -62, -65]
['BEC4225B5F79862473D71567FFEE553C', 64267, 8696, -117, -52]
['525049494F5400000000000000000000', 1, 2, -62, -67]
['525049494F5400000000000000000000', 1, 2, -62, -64]
['525049494F5400000000000000000000', 1, 2, -62, -53]
['525049494F5400000000000000000000', 1, 2, -62, -64]
['BEC4225B5F79862473D71567FFEE553C', 64267, 8696, -117, -71]
['525049494F5400000000000000000000', 1, 2, -62, -67]
['525049494F5400000000000000000000', 1, 2, -62, -54]
['525049494F5400000000000000000000', 1, 2, -62, -67]
['525049494F5400000000000000000000', 1, 2, -62, -55]
['525049494F5400000000000000000000', 1, 2, -62, -67]
['525049494F5400000000000000000000', 1, 2, -62, -55]
['BEC4225B5F79862473D71567FFEE553C', 64267, 8696, -117, -77]
['525049494F5400000000000000000000', 1, 2, -62, -78]
['525049494F5400000000000000000000', 1, 2, -62, -54]
['525049494F5400000000000000000000', 1, 2, -62, -65]
['525049494F5400000000000000000000', 1, 2, -62, -55]
['525049494F5400000000000000000000', 1, 2, -62, -66]
['525049494F5400000000000000000000', 1, 2, -62, -55]
['525049494F5400000000000000000000', 1, 2, -62, -79]
['525049494F5400000000000000000000', 1, 2, -62, -52]
['525049494F5400000000000000000000', 1, 2, -62, -68]
['525049494F5400000000000000000000', 1, 2, -62, -55]
['525049494F5400000000000000000000', 1, 2, -62, -52]
['BEC4225B5F79862473D71567FFEE553C', 64267, 8696, -117, -52]
['525049494F5400000000000000000000', 1, 2, -62, -55]
['525049494F5400000000000000000000', 1, 2, -62, -52]
['525049494F5400000000000000000000', 1, 2, -62, -79]
['525049494F5400000000000000000000', 1, 2, -62, -52]
['525049494F5400000000000000000000', 1, 2, -62, -78]
['525049494F5400000000000000000000', 1, 2, -62, -61]
['BEC4225B5F79862473D71567FFEE553C', 64267, 8696, -117, -70]
['525049494F5400000000000000000000', 1, 2, -62, -71]
['525049494F5400000000000000000000', 1, 2, -62, -52]
['525049494F5400000000000000000000', 1, 2, -62, -71]
['525049494F5400000000000000000000', 1, 2, -62, -52]
['525049494F5400000000000000000000', 1, 2, -62, -78]
['525049494F5400000000000000000000', 1, 2, -62, -52]
['BEC4225B5F79862473D71567FFEE553C', 64267, 8696, -117, -65]
['525049494F5400000000000000000000', 1, 2, -62, -55]
['525049494F5400000000000000000000', 1, 2, -62, -78]
['525049494F5400000000000000000000', 1, 2, -62, -78]
['525049494F5400000000000000000000', 1, 2, -62, -55]
['BEC4225B5F79862473D71567FFEE553C', 64267, 8696, -117, -64]
['525049494F5400000000000000000000', 1, 2, -62, -79]
['525049494F5400000000000000000000', 1, 2, -62, -54]
['525049494F5400000000000000000000', 1, 2, -62, -66]
['525049494F5400000000000000000000', 1, 2, -62, -55]
['525049494F5400000000000000000000', 1, 2, -62, -66]
['525049494F5400000000000000000000', 1, 2, -62, -55]
['BEC4225B5F79862473D71567FFEE553C', 64267, 8696, -117, -52]
['525049494F5400000000000000000000', 1, 2, -62, -67]
['525049494F5400000000000000000000', 1, 2, -62, -55]
['525049494F5400000000000000000000', 1, 2, -62, -67]
['525049494F5400000000000000000000', 1, 2, -62, -65]
['525049494F5400000000000000000000', 1, 2, -62, -65]
['525049494F5400000000000000000000', 1, 2, -62, -54]
['525049494F5400000000000000000000', 1, 2, -62, -67]
['BEC4225B5F79862473D71567FFEE553C', 64267, 8696, -117, -71]
['525049494F5400000000000000000000', 1, 2, -62, -54]
['525049494F5400000000000000000000', 1, 2, -62, -65]
['525049494F5400000000000000000000', 1, 2, -62, -64]
['525049494F5400000000000000000000', 1, 2, -62, -66]
['525049494F5400000000000000000000', 1, 2, -62, -69]
['525049494F5400000000000000000000', 1, 2, -62, -78]
['BEC4225B5F79862473D71567FFEE553C', 64267, 8696, -117, -93]
['525049494F5400000000000000000000', 1, 2, -62, -54]
['525049494F5400000000000000000000', 1, 2, -62, -52]
['525049494F5400000000000000000000', 1, 2, -62, -76]
['525049494F5400000000000000000000', 1, 2, -62, -51]
['525049494F5400000000000000000000', 1, 2, -62, -71]
['525049494F5400000000000000000000', 1, 2, -62, -52]
['BEC4225B5F79862473D71567FFEE553C', 64267, 8696, -117, -51]
['525049494F5400000000000000000000', 1, 2, -62, -71]
['525049494F5400000000000000000000', 1, 2, -62, -52]
['525049494F5400000000000000000000', 1, 2, -62, -71]
['525049494F5400000000000000000000', 1, 2, -62, -65]
['525049494F5400000000000000000000', 1, 2, -62, -70]
['BEC4225B5F79862473D71567FFEE553C', 64267, 8696, -117, -54]
['525049494F5400000000000000000000', 1, 2, -62, -65]
['525049494F5400000000000000000000', 1, 2, -62, -66]
['525049494F5400000000000000000000', 1, 2, -62, -64]
['525049494F5400000000000000000000', 1, 2, -62, -71]
['525049494F5400000000000000000000', 1, 2, -62, -52]
['525049494F5400000000000000000000', 1, 2, -62, -77]
['525049494F5400000000000000000000', 1, 2, -62, -52]
['BEC4225B5F79862473D71567FFEE553C', 64267, 8696, -117, -71]
['525049494F5400000000000000000000', 1, 2, -62, -54]
['525049494F5400000000000000000000', 1, 2, -62, -52]
['525049494F5400000000000000000000', 1, 2, -62, -54]
['525049494F5400000000000000000000', 1, 2, -62, -64]
['525049494F5400000000000000000000', 1, 2, -62, -78]
['BEC4225B5F79862473D71567FFEE553C', 64267, 8696, -117, -77]
['525049494F5400000000000000000000', 1, 2, -62, -52]
['525049494F5400000000000000000000', 1, 2, -62, -71]
['525049494F5400000000000000000000', 1, 2, -62, -66]
['525049494F5400000000000000000000', 1, 2, -62, -55]
['525049494F5400000000000000000000', 1, 2, -62, -63]
['BEC4225B5F79862473D71567FFEE553C', 64267, 8696, -117, -52]
['525049494F5400000000000000000000', 1, 2, -62, -64]
['525049494F5400000000000000000000', 1, 2, -62, -65]
['525049494F5400000000000000000000', 1, 2, -62, -54]
['525049494F5400000000000000000000', 1, 2, -62, -65]
['525049494F5400000000000000000000', 1, 2, -62, -64]
['525049494F5400000000000000000000', 1, 2, -62, -65]
['BEC4225B5F79862473D71567FFEE553C', 64267, 8696, -117, -55]
['525049494F5400000000000000000000', 1, 2, -62, -55]
['525049494F5400000000000000000000', 1, 2, -62, -77]
['525049494F5400000000000000000000', 1, 2, -62, -55]
['525049494F5400000000000000000000', 1, 2, -62, -76]
['000C0E00E100418983FAD97FB577467D', 51216, 523, 0, -104]
['000C0E00E100418983FAD97FB577467D', 51216, 523, 0, -90]
['525049494F5400000000000000000000', 1, 2, -62, -77]
['BEC4225B5F79862473D71567FFEE553C', 64267, 8696, -117, -63]
['525049494F5400000000000000000000', 1, 2, -62, -52]
['525049494F5400000000000000000000', 1, 2, -62, -64]
['525049494F5400000000000000000000', 1, 2, -62, -55]
['000C0E00E100418983FAD97FB577467D', 51216, 523, 0, -100]
['000C0E00E100418983FAD97FB577467D', 51216, 523, 0, -89]
['525049494F5400000000000000000000', 1, 2, -62, -77]
['525049494F5400000000000000000000', 1, 2, -62, -52]
['BEC4225B5F79862473D71567FFEE553C', 64267, 8696, -117, -66]
['525049494F5400000000000000000000', 1, 2, -62, -63]
['525049494F5400000000000000000000', 1, 2, -62, -65]
['525049494F5400000000000000000000', 1, 2, -62, -66]
['525049494F5400000000000000000000', 1, 2, -62, -77]
['000C0E00E100418983FAD97FB577467D', 51216, 523, 0, -91]
['525049494F5400000000000000000000', 1, 2, -62, -86]
['525049494F5400000000000000000000', 1, 2, -62, -52]
['BEC4225B5F79862473D71567FFEE553C', 64267, 8696, -117, -65]
['525049494F5400000000000000000000', 1, 2, -62, -77]
['525049494F5400000000000000000000', 1, 2, -62, -52]
['525049494F5400000000000000000000', 1, 2, -62, -52]
['525049494F5400000000000000000000', 1, 2, -62, -77]
['525049494F5400000000000000000000', 1, 2, -62, -52]
['50F01202011E0AFF0075010002000103', 515, 6592, 0, -99]
['BEC4225B5F79862473D71567FFEE553C', 64267, 8696, -117, -55]
['525049494F5400000000000000000000', 1, 2, -62, -77]
['525049494F5400000000000000000000', 1, 2, -62, -52]
['525049494F5400000000000000000000', 1, 2, -62, -55]
['525049494F5400000000000000000000', 1, 2, -62, -52]
['525049494F5400000000000000000000', 1, 2, -62, -71]
['525049494F5400000000000000000000', 1, 2, -62, -52]
['525049494F5400000000000000000000', 1, 2, -62, -71]
['525049494F5400000000000000000000', 1, 2, -62, -52]
['525049494F5400000000000000000000', 1, 2, -62, -79]
['50F01202011E0AFF0075010002000103', 515, 6592, 0, -88]
['000C0E00E100418983FAD97FB577467D', 51216, 523, 0, -102]
['525049494F5400000000000000000000', 1, 2, -62, -79]
['525049494F5400000000000000000000', 1, 2, -62, -54]
['525049494F5400000000000000000000', 1, 2, -62, -79]
['BEC4225B5F79862473D71567FFEE553C', 64267, 8696, -117, -79]
['525049494F5400000000000000000000', 1, 2, -62, -52]
['525049494F5400000000000000000000', 1, 2, -62, -79]
['525049494F5400000000000000000000', 1, 2, -62, -55]
['525049494F5400000000000000000000', 1, 2, -62, -78]
['525049494F5400000000000000000000', 1, 2, -62, -54]
['525049494F5400000000000000000000', 1, 2, -62, -52]
['50F01202011E0AFF0075010002000103', 515, 6592, 0, -91]
['525049494F5400000000000000000000', 1, 2, -62, -54]
['525049494F5400000000000000000000', 1, 2, -62, -52]
['525049494F5400000000000000000000', 1, 2, -62, -78]
['000C0E00E100418983FAD97FB577467D', 51216, 523, 0, -88]
['525049494F5400000000000000000000', 1, 2, -62, -54]
['525049494F5400000000000000000000', 1, 2, -62, -66]
['525049494F5400000000000000000000', 1, 2, -62, -55]
['BEC4225B5F79862473D71567FFEE553C', 64267, 8696, -117, -52]
['525049494F5400000000000000000000', 1, 2, -62, -66]
['525049494F5400000000000000000000', 1, 2, -62, -55]
['525049494F5400000000000000000000', 1, 2, -62, -66]
['525049494F5400000000000000000000', 1, 2, -62, -55]
['525049494F5400000000000000000000', 1, 2, -62, -66]
['BEC4225B5F79862473D71567FFEE553C', 64267, 8696, -117, -70]
['525049494F5400000000000000000000', 1, 2, -62, -78]
['525049494F5400000000000000000000', 1, 2, -62, -55]
['525049494F5400000000000000000000', 1, 2, -62, -77]
['525049494F5400000000000000000000', 1, 2, -62, -52]
['525049494F5400000000000000000000', 1, 2, -62, -78]
['525049494F5400000000000000000000', 1, 2, -62, -52]
['525049494F5400000000000000000000', 1, 2, -62, -78]
['525049494F5400000000000000000000', 1, 2, -62, -82]
['525049494F5400000000000000000000', 1, 2, -62, -78]
['525049494F5400000000000000000000', 1, 2, -62, -85]
['525049494F5400000000000000000000', 1, 2, -62, -77]
['525049494F5400000000000000000000', 1, 2, -62, -65]
['525049494F5400000000000000000000', 1, 2, -62, -64]
['525049494F5400000000000000000000', 1, 2, -62, -67]
['525049494F5400000000000000000000', 1, 2, -62, -68]
['525049494F5400000000000000000000', 1, 2, -62, -67]
['BEC4225B5F79862473D71567FFEE553C', 64267, 8696, -117, -55]
['525049494F5400000000000000000000', 1, 2, -62, -66]
['525049494F5400000000000000000000', 1, 2, -62, -55]
['525049494F5400000000000000000000', 1, 2, -62, -78]
['525049494F5400000000000000000000', 1, 2, -62, -55]
['525049494F5400000000000000000000', 1, 2, -62, -66]
['BEC4225B5F79862473D71567FFEE553C', 64267, 8696, -117, -78]
['525049494F5400000000000000000000', 1, 2, -62, -54]
['525049494F5400000000000000000000', 1, 2, -62, -65]
['525049494F5400000000000000000000', 1, 2, -62, -54]
['525049494F5400000000000000000000', 1, 2, -62, -52]
['525049494F5400000000000000000000', 1, 2, -62, -52]
['BEC4225B5F79862473D71567FFEE553C', 64267, 8696, -117, -65]
['525049494F5400000000000000000000', 1, 2, -62, -67]
['525049494F5400000000000000000000', 1, 2, -62, -55]
['525049494F5400000000000000000000', 1, 2, -62, -64]
['BEC4225B5F79862473D71567FFEE553C', 64267, 8696, -117, -52]
['525049494F5400000000000000000000', 1, 2, -62, -78]
['525049494F5400000000000000000000', 1, 2, -62, -54]
['525049494F5400000000000000000000', 1, 2, -62, -77]
['BEC4225B5F79862473D71567FFEE553C', 64267, 8696, -117, -54]
['525049494F5400000000000000000000', 1, 2, -62, -54]
['525049494F5400000000000000000000', 1, 2, -62, -65]
['525049494F5400000000000000000000', 1, 2, -62, -54]
['525049494F5400000000000000000000', 1, 2, -62, -65]
['525049494F5400000000000000000000', 1, 2, -62, -55]
['525049494F5400000000000000000000', 1, 2, -62, -76]
['BEC4225B5F79862473D71567FFEE553C', 64267, 8696, -117, -65]
['525049494F5400000000000000000000', 1, 2, -62, -71]
['525049494F5400000000000000000000', 1, 2, -62, -68]
['525049494F5400000000000000000000', 1, 2, -62, -71]
['525049494F5400000000000000000000', 1, 2, -62, -64]
['525049494F5400000000000000000000', 1, 2, -62, -71]
['525049494F5400000000000000000000', 1, 2, -62, -67]
['BEC4225B5F79862473D71567FFEE553C', 64267, 8696, -117, -78]
['525049494F5400000000000000000000', 1, 2, -62, -71]
['525049494F5400000000000000000000', 1, 2, -62, -52]
['525049494F5400000000000000000000', 1, 2, -62, -70]
['525049494F5400000000000000000000', 1, 2, -62, -52]
['525049494F5400000000000000000000', 1, 2, -62, -71]
['525049494F5400000000000000000000', 1, 2, -62, -52]
['525049494F5400000000000000000000', 1, 2, -62, -67]
['BEC4225B5F79862473D71567FFEE553C', 64267, 8696, -117, -66]
['525049494F5400000000000000000000', 1, 2, -62, -64]
['525049494F5400000000000000000000', 1, 2, -62, -71]
['525049494F5400000000000000000000', 1, 2, -62, -64]
['525049494F5400000000000000000000', 1, 2, -62, -70]
['525049494F5400000000000000000000', 1, 2, -62, -52]
['BEC4225B5F79862473D71567FFEE553C', 64267, 8696, -117, -55]
['525049494F5400000000000000000000', 1, 2, -62, -70]
['525049494F5400000000000000000000', 1, 2, -62, -52]
['525049494F5400000000000000000000', 1, 2, -62, -71]
['525049494F5400000000000000000000', 1, 2, -62, -52]
['525049494F5400000000000000000000', 1, 2, -62, -71]
['525049494F5400000000000000000000', 1, 2, -62, -65]
['BEC4225B5F79862473D71567FFEE553C', 64267, 8696, -117, -65]
['525049494F5400000000000000000000', 1, 2, -62, -52]
['000C0E00E100418983FAD97FB577467D', 51216, 523, 0, -88]
['525049494F5400000000000000000000', 1, 2, -62, -71]
['525049494F5400000000000000000000', 1, 2, -62, -52]
['000C0E00E100418983FAD97FB577467D', 51216, 523, 0, -100]
['525049494F5400000000000000000000', 1, 2, -62, -55]
['525049494F5400000000000000000000', 1, 2, -62, -52]
['BEC4225B5F79862473D71567FFEE553C', 64267, 8696, -117, -52]
['525049494F5400000000000000000000', 1, 2, -62, -68]
['525049494F5400000000000000000000', 1, 2, -62, -52]
['525049494F5400000000000000000000', 1, 2, -62, -54]
['525049494F5400000000000000000000', 1, 2, -62, -64]
['525049494F5400000000000000000000', 1, 2, -62, -70]
['525049494F5400000000000000000000', 1, 2, -62, -52]
['525049494F5400000000000000000000', 1, 2, -62, -64]
['525049494F5400000000000000000000', 1, 2, -62, -52]
['525049494F5400000000000000000000', 1, 2, -62, -67]
['000C0E00E100418983FAD97FB577467D', 51216, 523, 0, -83]
['525049494F5400000000000000000000', 1, 2, -62, -66]
['BEC4225B5F79862473D71567FFEE553C', 64267, 8696, -117, -79]
['525049494F5400000000000000000000', 1, 2, -62, -65]
['525049494F5400000000000000000000', 1, 2, -62, -55]
['000C0E00E100418983FAD97FB577467D', 51216, 523, 0, -97]
['525049494F5400000000000000000000', 1, 2, -62, -78]
['525049494F5400000000000000000000', 1, 2, -62, -54]
['525049494F5400000000000000000000', 1, 2, -62, -54]
['BEC4225B5F79862473D71567FFEE553C', 64267, 8696, -117, -78]
['525049494F5400000000000000000000', 1, 2, -62, -66]
['525049494F5400000000000000000000', 1, 2, -62, -83]
['525049494F5400000000000000000000', 1, 2, -62, -65]
['525049494F5400000000000000000000', 1, 2, -62, -86]
['525049494F5400000000000000000000', 1, 2, -62, -52]
['BEC4225B5F79862473D71567FFEE553C', 64267, 8696, -117, -52]
['525049494F5400000000000000000000', 1, 2, -62, -52]
['000C0E00E100418983FAD97FB577467D', 51216, 523, 0, -90]
['525049494F5400000000000000000000', 1, 2, -62, -54]
['000C0E00E100418983FAD97FB577467D', 51216, 523, 0, -101]
['525049494F5400000000000000000000', 1, 2, -62, -54]
['525049494F5400000000000000000000', 1, 2, -62, -65]
['000C0E00E100418983FAD97FB577467D', 51216, 523, 0, -86]
['525049494F5400000000000000000000', 1, 2, -62, -54]
['525049494F5400000000000000000000', 1, 2, -62, -68]
['000C0E00E100418983FAD97FB577467D', 51216, 523, 0, -97]
['525049494F5400000000000000000000', 1, 2, -62, -55]
['525049494F5400000000000000000000', 1, 2, -62, -65]
['000C0E00E100418983FAD97FB577467D', 51216, 523, 0, -90]
['525049494F5400000000000000000000', 1, 2, -62, -78]
['BEC4225B5F79862473D71567FFEE553C', 64267, 8696, -117, -71]
['525049494F5400000000000000000000', 1, 2, -62, -68]
['525049494F5400000000000000000000', 1, 2, -62, -55]
['525049494F5400000000000000000000', 1, 2, -62, -79]
['525049494F5400000000000000000000', 1, 2, -62, -52]
['525049494F5400000000000000000000', 1, 2, -62, -55]
['525049494F5400000000000000000000', 1, 2, -62, -55]
['525049494F5400000000000000000000', 1, 2, -62, -64]
['525049494F5400000000000000000000', 1, 2, -62, -55]
['525049494F5400000000000000000000', 1, 2, -62, -52]
['525049494F5400000000000000000000', 1, 2, -62, -78]
['BEC4225B5F79862473D71567FFEE553C', 64267, 8696, -117, -64]
['525049494F5400000000000000000000', 1, 2, -62, -55]
['525049494F5400000000000000000000', 1, 2, -62, -77]
['525049494F5400000000000000000000', 1, 2, -62, -55]
['525049494F5400000000000000000000', 1, 2, -62, -77]

