['525049494F5400000000000000000000', 1, 2, -62, -56]
['525049494F5400000000000000000000', 1, 2, -62, -63]
['525049494F5400000000000000000000', 1, 2, -62, -67]
['525049494F5400000000000000000000', 1, 2, -62, -56]
['525049494F5400000000000000000000', 1, 2, -62, -76]
['525049494F5400000000000000000000', 1, 2, -62, -55]
['525049494F5400000000000000000000', 1, 2, -62, -77]
['525049494F5400000000000000000000', 1, 2, -62, -55]
['525049494F5400000000000000000000', 1, 2, -62, -76]
['525049494F5400000000000000000000', 1, 2, -62, -55]
['BEC4225B5F79862473D71567FFEE553D', 64267, 8696, -117, -71]
['525049494F5400000000000000000000', 1, 2, -62, -66]
['525049494F5400000000000000000000', 1, 2, -62, -65]
['525049494F5400000000000000000000', 1, 2, -62, -66]
['525049494F5400000000000000000000', 1, 2, -62, -55]
['525049494F5400000000000000000000', 1, 2, -62, -65]
['525049494F5400000000000000000000', 1, 2, -62, -55]
['BEC4225B5F79862473D71567FFEE553D', 64267, 8696, -117, -65]
['525049494F5400000000000000000000', 1, 2, -62, -79]
['525049494F5400000000000000000000', 1, 2, -62, -77]
['525049494F5400000000000000000000', 1, 2, -62, -51]
['525049494F5400000000000000000000', 1, 2, -62, -72]
['525049494F5400000000000000000000', 1, 2, -62, -62]
['BEC4225B5F79862473D71567FFEE553D', 64267, 8696, -117, -52]
['525049494F5400000000000000000000', 1, 2, -62, -71]
['525049494F5400000000000000000000', 1, 2, -62, -52]
['525049494F5400000000000000000000', 1, 2, -62, -71]
['525049494F5400000000000000000000', 1, 2, -62, -52]
['525049494F5400000000000000000000', 1, 2, -62, -71]
['525049494F5400000000000000000000', 1, 2, -62, -52]
['BEC4225B5F79862473D71567FFEE553D', 64267, 8696, -117, -55]
['525049494F5400000000000000000000', 1, 2, -62, -71]
['525049494F5400000000000000000000', 1, 2, -62, -52]
['525049494F5400000000000000000000', 1, 2, -62, -77]
['525049494F5400000000000000000000', 1, 2, -62, -77]
['525049494F5400000000000000000000', 1, 2, -62, -54]
['BEC4225B5F79862473D71567FFEE553D', 64267, 8696, -117, -54]
['525049494F5400000000000000000000', 1, 2, -62, -79]
['525049494F5400000000000000000000', 1, 2, -62, -52]
['525049494F5400000000000000000000', 1, 2, -62, -78]
['525049494F5400000000000000000000', 1, 2, -62, -52]
['525049494F5400000000000000000000', 1, 2, -62, -77]
['BEC4225B5F79862473D71567FFEE553D', 64267, 8696, -117, -64]
['525049494F5400000000000000000000', 1, 2, -62, -52]
['525049494F5400000000000000000000', 1, 2, -62, -78]
['525049494F5400000000000000000000', 1, 2, -62, -52]
['525049494F5400000000000000000000', 1, 2, -62, -78]
['525049494F5400000000000000000000', 1, 2, -62, -52]
['BEC4225B5F79862473D71567FFEE553D', 64267, 8696, -117, -77]
['525049494F5400000000000000000000', 1, 2, -62, -75]
['525049494F5400000000000000000000', 1, 2, -62, -54]
['525049494F5400000000000000000000', 1, 2, -62, -66]
['525049494F5400000000000000000000', 1, 2, -62, -64]
['525049494F5400000000000000000000', 1, 2, -62, -52]
['BEC4225B5F79862473D71567FFEE553D', 64267, 8696, -117, -67]
['525049494F5400000000000000000000', 1, 2, -62, -67]
['525049494F5400000000000000000000', 1, 2, -62, -55]
['525049494F5400000000000000000000', 1, 2, -62, -62]
['525049494F5400000000000000000000', 1, 2, -62, -52]
['525049494F5400000000000000000000', 1, 2, -62, -65]
['525049494F5400000000000000000000', 1, 2, -62, -54]
['525049494F5400000000000000000000', 1, 2, -62, -77]
['BEC4225B5F79862473D71567FFEE553D', 64267, 8696, -117, -54]
['525049494F5400000000000000000000', 1, 2, -62, -54]
['525049494F5400000000000000000000', 1, 2, -62, -66]
['525049494F5400000000000000000000', 1, 2, -62, -54]
['525049494F5400000000000000000000', 1, 2, -62, -65]
['525049494F5400000000000000000000', 1, 2, -62, -54]
['525049494F5400000000000000000000', 1, 2, -62, -65]
['525049494F5400000000000000000000', 1, 2, -62, -55]
['525049494F5400000000000000000000', 1, 2, -62, -66]
['525049494F5400000000000000000000', 1, 2, -62, -55]
['525049494F5400000000000000000000', 1, 2, -62, -52]
['525049494F5400000000000000000000', 1, 2, -62, -55]
['BEC4225B5F79862473D71567FFEE553D', 64267, 8696, -117, -52]
['525049494F5400000000000000000000', 1, 2, -62, -77]
['525049494F5400000000000000000000', 1, 2, -62, -78]
['525049494F5400000000000000000000', 1, 2, -62, -54]
['525049494F5400000000000000000000', 1, 2, -62, -65]
['525049494F5400000000000000000000', 1, 2, -62, -55]
['525049494F5400000000000000000000', 1, 2, -62, -51]
['525049494F5400000000000000000000', 1, 2, -62, -64]
['525049494F5400000000000000000000', 1, 2, -62, -54]
['525049494F5400000000000000000000', 1, 2, -62, -63]
['525049494F5400000000000000000000', 1, 2, -62, -51]
['525049494F5400000000000000000000', 1, 2, -62, -55]
['525049494F5400000000000000000000', 1, 2, -62, -52]
['BEC4225B5F79862473D71567FFEE553D', 64267, 8696, -117, -77]
['525049494F5400000000000000000000', 1, 2, -62, -71]
['525049494F5400000000000000000000', 1, 2, -62, -52]
['525049494F5400000000000000000000', 1, 2, -62, -70]
['525049494F5400000000000000000000', 1, 2, -62, -73]
['525049494F5400000000000000000000', 1, 2, -62, -63]
['525049494F5400000000000000000000', 1, 2, -62, -52]
['BEC4225B5F79862473D71567FFEE553D', 64267, 8696, -117, -61]
['525049494F5400000000000000000000', 1, 2, -62, -55]
['525049494F5400000000000000000000', 1, 2, -62, -62]
['525049494F5400000000000000000000', 1, 2, -62, -71]
['525049494F5400000000000000000000', 1, 2, -62, -64]
['525049494F5400000000000000000000', 1, 2, -62, -63]
['BEC4225B5F79862473D71567FFEE553D', 64267, 8696, -117, -66]
['525049494F5400000000000000000000', 1, 2, -62, -63]
['525049494F5400000000000000000000', 1, 2, -62, -66]
['525049494F5400000000000000000000', 1, 2, -62, -55]
['525049494F5400000000000000000000', 1, 2, -62, -67]
['525049494F5400000000000000000000', 1, 2, -62, -63]
['BEC4225B5F79862473D71567FFEE553D', 64267, 8696, -117, -52]
['525049494F5400000000000000000000', 1, 2, -62, -52]
['525049494F5400000000000000000000', 1, 2, -62, -56]
['525049494F5400000000000000000000', 1, 2, -62, -56]
['525049494F5400000000000000000000', 1, 2, -62, -66]
['525049494F5400000000000000000000', 1, 2, -62, -56]
['BEC4225B5F79862473D71567FFEE553D', 64267, 8696, -117, -56]
['525049494F5400000000000000000000', 1, 2, -62, -66]
['525049494F5400000000000000000000', 1, 2, -62, -56]
['525049494F5400000000000000000000', 1, 2, -62, -65]
['525049494F5400000000000000000000', 1, 2, -62, -56]
['525049494F5400000000000000000000', 1, 2, -62, -65]
['525049494F5400000000000000000000', 1, 2, -62, -56]
['BEC4225B5F79862473D71567FFEE553D', 64267, 8696, -117, -75]
['525049494F5400000000000000000000', 1, 2, -62, -76]
['525049494F5400000000000000000000', 1, 2, -62, -56]
['525049494F5400000000000000000000', 1, 2, -62, -76]
['525049494F5400000000000000000000', 1, 2, -62, -56]
['525049494F5400000000000000000000', 1, 2, -62, -65]
['525049494F5400000000000000000000', 1, 2, -62, -56]
['BEC4225B5F79862473D71567FFEE553D', 64267, 8696, -117, -65]
['525049494F5400000000000000000000', 1, 2, -62, -76]
['525049494F5400000000000000000000', 1, 2, -62, -76]
['525049494F5400000000000000000000', 1, 2, -62, -79]
['525049494F5400000000000000000000', 1, 2, -62, -62]
['BEC4225B5F79862473D71567FFEE553D', 64267, 8696, -117, -51]
['525049494F5400000000000000000000', 1, 2, -62, -61]
['525049494F5400000000000000000000', 1, 2, -62, -51]
['525049494F5400000000000000000000', 1, 2, -62, -51]
['525049494F5400000000000000000000', 1, 2, -62, -63]
['525049494F5400000000000000000000', 1, 2, -62, -65]
['BEC4225B5F79862473D71567FFEE553D', 64267, 8696, -117, -55]
['525049494F5400000000000000000000', 1, 2, -62, -55]
['525049494F5400000000000000000000', 1, 2, -62, -65]
['525049494F5400000000000000000000', 1, 2, -62, -62]
['525049494F5400000000000000000000', 1, 2, -62, -62]
['525049494F5400000000000000000000', 1, 2, -62, -66]
['525049494F5400000000000000000000', 1, 2, -62, -62]
['BEC4225B5F79862473D71567FFEE553D', 64267, 8696, -117, -62]
['525049494F5400000000000000000000', 1, 2, -62, -51]
['525049494F5400000000000000000000', 1, 2, -62, -55]
['525049494F5400000000000000000000', 1, 2, -62, -55]
['525049494F5400000000000000000000', 1, 2, -62, -64]
['BEC4225B5F79862473D71567FFEE553D', 64267, 8696, -117, -51]
['525049494F5400000000000000000000', 1, 2, -62, -76]
['525049494F5400000000000000000000', 1, 2, -62, -55]
['525049494F5400000000000000000000', 1, 2, -62, -66]
['525049494F5400000000000000000000', 1, 2, -62, -71]
['525049494F5400000000000000000000', 1, 2, -62, -52]
['525049494F5400000000000000000000', 1, 2, -62, -71]
['BEC4225B5F79862473D71567FFEE553D', 64267, 8696, -117, -51]
['525049494F5400000000000000000000', 1, 2, -62, -63]
['525049494F5400000000000000000000', 1, 2, -62, -71]
['525049494F5400000000000000000000', 1, 2, -62, -65]
['525049494F5400000000000000000000', 1, 2, -62, -51]
['525049494F5400000000000000000000', 1, 2, -62, -70]
['525049494F5400000000000000000000', 1, 2, -62, -51]
['BEC4225B5F79862473D71567FFEE553D', 64267, 8696, -117, -71]
['525049494F5400000000000000000000', 1, 2, -62, -55]
['525049494F5400000000000000000000', 1, 2, -62, -51]
['525049494F5400000000000000000000', 1, 2, -62, -55]
['525049494F5400000000000000000000', 1, 2, -62, -51]
['525049494F5400000000000000000000', 1, 2, -62, -66]
['525049494F5400000000000000000000', 1, 2, -62, -52]
['BEC4225B5F79862473D71567FFEE553D', 64267, 8696, -117, -66]
['525049494F5400000000000000000000', 1, 2, -62, -66]
['525049494F5400000000000000000000', 1, 2, -62, -72]
['525049494F5400000000000000000000', 1, 2, -62, -62]
['525049494F5400000000000000000000', 1, 2, -62, -62]
['525049494F5400000000000000000000', 1, 2, -62, -66]
['525049494F5400000000000000000000', 1, 2, -62, -62]
['525049494F5400000000000000000000', 1, 2, -62, -62]
['525049494F5400000000000000000000', 1, 2, -62, -62]
['525049494F5400000000000000000000', 1, 2, -62, -55]
['525049494F5400000000000000000000', 1, 2, -62, -66]
['BEC4225B5F79862473D71567FFEE553D', 64267, 8696, -117, -56]
['525049494F5400000000000000000000', 1, 2, -62, -55]
['525049494F5400000000000000000000', 1, 2, -62, -66]
['525049494F5400000000000000000000', 1, 2, -62, -56]
['525049494F5400000000000000000000', 1, 2, -62, -76]
['525049494F5400000000000000000000', 1, 2, -62, -51]
['525049494F5400000000000000000000', 1, 2, -62, -76]
['BEC4225B5F79862473D71567FFEE553D', 64267, 8696, -117, -64]
['525049494F5400000000000000000000', 1, 2, -62, -51]
['525049494F5400000000000000000000', 1, 2, -62, -72]
['525049494F5400000000000000000000', 1, 2, -62, -51]
['525049494F5400000000000000000000', 1, 2, -62, -76]
['525049494F5400000000000000000000', 1, 2, -62, -56]
['525049494F5400000000000000000000', 1, 2, -62, -62]
['BEC4225B5F79862473D71567FFEE553D', 64267, 8696, -117, -51]
['525049494F5400000000000000000000', 1, 2, -62, -71]
['525049494F5400000000000000000000', 1, 2, -62, -71]
['525049494F5400000000000000000000', 1, 2, -62, -62]
['525049494F5400000000000000000000', 1, 2, -62, -56]
['BEC4225B5F79862473D71567FFEE553D', 64267, 8696, -117, -56]
['525049494F5400000000000000000000', 1, 2, -62, -51]
['525049494F5400000000000000000000', 1, 2, -62, -51]
['525049494F5400000000000000000000', 1, 2, -62, -71]
['525049494F5400000000000000000000', 1, 2, -62, -51]
['525049494F5400000000000000000000', 1, 2, -62, -71]
['BEC4225B5F79862473D71567FFEE553D', 64267, 8696, -117, -71]
['525049494F5400000000000000000000', 1, 2, -62, -51]
['525049494F5400000000000000000000', 1, 2, -62, -62]
['525049494F5400000000000000000000', 1, 2, -62, -51]
['525049494F5400000000000000000000', 1, 2, -62, -71]
['525049494F5400000000000000000000', 1, 2, -62, -62]
['525049494F5400000000000000000000', 1, 2, -62, -55]
['525049494F5400000000000000000000', 1, 2, -62, -66]
['BEC4225B5F79862473D71567FFEE553D', 64267, 8696, -117, -61]
['525049494F5400000000000000000000', 1, 2, -62, -55]
['525049494F5400000000000000000000', 1, 2, -62, -65]
['525049494F5400000000000000000000', 1, 2, -62, -62]
['525049494F5400000000000000000000', 1, 2, -62, -64]
['525049494F5400000000000000000000', 1, 2, -62, -61]
['525049494F5400000000000000000000', 1, 2, -62, -72]
['BEC4225B5F79862473D71567FFEE553D', 64267, 8696, -117, -51]
['525049494F5400000000000000000000', 1, 2, -62, -62]
['525049494F5400000000000000000000', 1, 2, -62, -66]
['525049494F5400000000000000000000', 1, 2, -62, -62]
['525049494F5400000000000000000000', 1, 2, -62, -65]
['525049494F5400000000000000000000', 1, 2, -62, -62]
['525049494F5400000000000000000000', 1, 2, -62, -65]
['BEC4225B5F79862473D71567FFEE553D', 64267, 8696, -117, -55]
['525049494F5400000000000000000000', 1, 2, -62, -55]
['525049494F5400000000000000000000', 1, 2, -62, -64]
['525049494F5400000000000000000000', 1, 2, -62, -55]
['525049494F5400000000000000000000', 1, 2, -62, -76]
['525049494F5400000000000000000000', 1, 2, -62, -55]
['525049494F5400000000000000000000', 1, 2, -62, -66]
['BEC4225B5F79862473D71567FFEE553D', 64267, 8696, -117, -76]
['525049494F5400000000000000000000', 1, 2, -62, -55]
['525049494F5400000000000000000000', 1, 2, -62, -66]
['525049494F5400000000000000000000', 1, 2, -62, -63]
['525049494F5400000000000000000000', 1, 2, -62, -66]
['525049494F5400000000000000000000', 1, 2, -62, -62]
['525049494F5400000000000000000000', 1, 2, -62, -55]
['BEC4225B5F79862473D71567FFEE553D', 64267, 8696, -117, -66]
['525049494F5400000000000000000000', 1, 2, -62, -62]
['525049494F5400000000000000000000', 1, 2, -62, -55]
['525049494F5400000000000000000000', 1, 2, -62, -65]
['525049494F5400000000000000000000', 1, 2, -62, -62]
['525049494F5400000000000000000000', 1, 2, -62, -65]
['525049494F5400000000000000000000', 1, 2, -62, -55]
['525049494F5400000000000000000000', 1, 2, -62, -75]
['BEC4225B5F79862473D71567FFEE553D', 64267, 8696, -117, -51]
['525049494F5400000000000000000000', 1, 2, -62, -55]
['525049494F5400000000000000000000', 1, 2, -62, -76]
['525049494F5400000000000000000000', 1, 2, -62, -51]
['525049494F5400000000000000000000', 1, 2, -62, -75]
['525049494F5400000000000000000000', 1, 2, -62, -76]
['BEC4225B5F79862473D71567FFEE553D', 64267, 8696, -117, -56]
['525049494F5400000000000000000000', 1, 2, -62, -55]
['525049494F5400000000000000000000', 1, 2, -62, -76]
['525049494F5400000000000000000000', 1, 2, -62, -51]
['525049494F5400000000000000000000', 1, 2, -62, -71]
['BEC4225B5F79862473D71567FFEE553D', 64267, 8696, -117, -55]
['525049494F5400000000000000000000', 1, 2, -62, -51]
['525049494F5400000000000000000000', 1, 2, -62, -71]
['525049494F5400000000000000000000', 1, 2, -62, -51]
['525049494F5400000000000000000000', 1, 2, -62, -72]
['525049494F5400000000000000000000', 1, 2, -62, -51]
['525049494F5400000000000000000000', 1, 2, -62, -72]
['BEC4225B5F79862473D71567FFEE553D', 64267, 8696, -117, -77]
['525049494F5400000000000000000000', 1, 2, -62, -52]
['525049494F5400000000000000000000', 1, 2, -62, -71]
['525049494F5400000000000000000000', 1, 2, -62, -52]
['525049494F5400000000000000000000', 1, 2, -62, -70]
['525049494F5400000000000000000000', 1, 2, -62, -52]
['525049494F5400000000000000000000', 1, 2, -62, -54]
['525049494F5400000000000000000000', 1, 2, -62, -65]
['525049494F5400000000000000000000', 1, 2, -62, -67]
['525049494F5400000000000000000000', 1, 2, -62, -76]
['525049494F5400000000000000000000', 1, 2, -62, -54]
['525049494F5400000000000000000000', 1, 2, -62, -67]
['BEC4225B5F79862473D71567FFEE553D', 64267, 8696, -117, -54]
['525049494F5400000000000000000000', 1, 2, -62, -55]
['525049494F5400000000000000000000', 1, 2, -62, -65]
['525049494F5400000000000000000000', 1, 2, -62, -55]
['525049494F5400000000000000000000', 1, 2, -62, -66]
['525049494F5400000000000000000000', 1, 2, -62, -66]
['525049494F5400000000000000000000', 1, 2, -62, -55]
['525049494F5400000000000000000000', 1, 2, -62, -66]
['525049494F5400000000000000000000', 1, 2, -62, -83]
['525049494F5400000000000000000000', 1, 2, -62, -55]
['525049494F5400000000000000000000', 1, 2, -62, -77]
['BEC4225B5F79862473D71567FFEE553D', 64267, 8696, -117, -67]
['525049494F5400000000000000000000', 1, 2, -62, -54]
['525049494F5400000000000000000000', 1, 2, -62, -77]
['525049494F5400000000000000000000', 1, 2, -62, -54]
['525049494F5400000000000000000000', 1, 2, -62, -65]
['525049494F5400000000000000000000', 1, 2, -62, -54]
['525049494F5400000000000000000000', 1, 2, -62, -65]

