['525049494F5400000000000000000000', 1, 2, -62, -76]
['525049494F5400000000000000000000', 1, 2, -62, -53]
['525049494F5400000000000000000000', 1, 2, -62, -76]
['525049494F5400000000000000000000', 1, 2, -62, -54]
['BEC4225B5F79862473D71567FFEE553D', 64267, 8696, -117, -62]
['525049494F5400000000000000000000', 1, 2, -62, -77]
['525049494F5400000000000000000000', 1, 2, -62, -53]
['525049494F5400000000000000000000', 1, 2, -62, -53]
['525049494F5400000000000000000000', 1, 2, -62, -50]
['BEC4225B5F79862473D71567FFEE553D', 64267, 8696, -117, -53]
['525049494F5400000000000000000000', 1, 2, -62, -76]
['525049494F5400000000000000000000', 1, 2, -62, -50]
['525049494F5400000000000000000000', 1, 2, -62, -75]
['525049494F5400000000000000000000', 1, 2, -62, -50]
['525049494F5400000000000000000000', 1, 2, -62, -75]
['525049494F5400000000000000000000', 1, 2, -62, -53]
['BEC4225B5F79862473D71567FFEE553D', 64267, 8696, -117, -68]
['525049494F5400000000000000000000', 1, 2, -62, -76]
['525049494F5400000000000000000000', 1, 2, -62, -53]
['525049494F5400000000000000000000', 1, 2, -62, -76]
['525049494F5400000000000000000000', 1, 2, -62, -53]
['525049494F5400000000000000000000', 1, 2, -62, -76]
['525049494F5400000000000000000000', 1, 2, -62, -53]
['525049494F5400000000000000000000', 1, 2, -62, -49]
['BEC4225B5F79862473D71567FFEE553D', 64267, 8696, -117, -50]
['525049494F5400000000000000000000', 1, 2, -62, -61]
['525049494F5400000000000000000000', 1, 2, -62, -49]
['525049494F5400000000000000000000', 1, 2, -62, -61]
['525049494F5400000000000000000000', 1, 2, -62, -54]
['525049494F5400000000000000000000', 1, 2, -62, -59]
['BEC4225B5F79862473D71567FFEE553D', 64267, 8696, -117, -50]
['525049494F5400000000000000000000', 1, 2, -62, -59]
['525049494F5400000000000000000000', 1, 2, -62, -68]
['525049494F5400000000000000000000', 1, 2, -62, -69]
['525049494F5400000000000000000000', 1, 2, -62, -59]
['525049494F5400000000000000000000', 1, 2, -62, -67]
['BEC4225B5F79862473D71567FFEE553D', 64267, 8696, -117, -60]
['525049494F5400000000000000000000', 1, 2, -62, -60]
['525049494F5400000000000000000000', 1, 2, -62, -69]
['525049494F5400000000000000000000', 1, 2, -62, -60]
['525049494F5400000000000000000000', 1, 2, -62, -75]
['525049494F5400000000000000000000', 1, 2, -62, -53]
['BEC4225B5F79862473D71567FFEE553D', 64267, 8696, -117, -53]
['525049494F5400000000000000000000', 1, 2, -62, -75]
['525049494F5400000000000000000000', 1, 2, -62, -54]
['525049494F5400000000000000000000', 1, 2, -62, -75]
['525049494F5400000000000000000000', 1, 2, -62, -50]
['525049494F5400000000000000000000', 1, 2, -62, -78]
['525049494F5400000000000000000000', 1, 2, -62, -83]
['BEC4225B5F79862473D71567FFEE553D', 64267, 8696, -117, -50]
['525049494F5400000000000000000000', 1, 2, -62, -74]
['525049494F5400000000000000000000', 1, 2, -62, -59]
['525049494F5400000000000000000000', 1, 2, -62, -63]
['525049494F5400000000000000000000', 1, 2, -62, -74]
['525049494F5400000000000000000000', 1, 2, -62, -63]
['525049494F5400000000000000000000', 1, 2, -62, -60]
['BEC4225B5F79862473D71567FFEE553D', 64267, 8696, -117, -50]
['525049494F5400000000000000000000', 1, 2, -62, -50]
['525049494F5400000000000000000000', 1, 2, -62, -67]
['525049494F5400000000000000000000', 1, 2, -62, -76]
['525049494F5400000000000000000000', 1, 2, -62, -49]
['525049494F5400000000000000000000', 1, 2, -62, -69]
['BEC4225B5F79862473D71567FFEE553D', 64267, 8696, -117, -60]
['525049494F5400000000000000000000', 1, 2, -62, -69]
['525049494F5400000000000000000000', 1, 2, -62, -49]
['525049494F5400000000000000000000', 1, 2, -62, -68]
['525049494F5400000000000000000000', 1, 2, -62, -68]
['BEC4225B5F79862473D71567FFEE553D', 64267, 8696, -117, -68]
['525049494F5400000000000000000000', 1, 2, -62, -68]
['525049494F5400000000000000000000', 1, 2, -62, -50]
['525049494F5400000000000000000000', 1, 2, -62, -69]
['525049494F5400000000000000000000', 1, 2, -62, -50]
['525049494F5400000000000000000000', 1, 2, -62, -75]
['BEC4225B5F79862473D71567FFEE553D', 64267, 8696, -117, -64]
['525049494F5400000000000000000000', 1, 2, -62, -49]
['525049494F5400000000000000000000', 1, 2, -62, -50]
['525049494F5400000000000000000000', 1, 2, -62, -77]
['525049494F5400000000000000000000', 1, 2, -62, -49]
['525049494F5400000000000000000000', 1, 2, -62, -74]
['525049494F5400000000000000000000', 1, 2, -62, -49]
['525049494F5400000000000000000000', 1, 2, -62, -76]
['525049494F5400000000000000000000', 1, 2, -62, -53]
['525049494F5400000000000000000000', 1, 2, -62, -53]
['525049494F5400000000000000000000', 1, 2, -62, -77]
['BEC4225B5F79862473D71567FFEE553D', 64267, 8696, -117, -76]
['525049494F5400000000000000000000', 1, 2, -62, -79]
['525049494F5400000000000000000000', 1, 2, -62, -77]
['525049494F5400000000000000000000', 1, 2, -62, -50]
['525049494F5400000000000000000000', 1, 2, -62, -53]
['525049494F5400000000000000000000', 1, 2, -62, -64]
['525049494F5400000000000000000000', 1, 2, -62, -53]
['BEC4225B5F79862473D71567FFEE553D', 64267, 8696, -117, -50]
['525049494F5400000000000000000000', 1, 2, -62, -64]
['525049494F5400000000000000000000', 1, 2, -62, -60]
['525049494F5400000000000000000000', 1, 2, -62, -63]
['525049494F5400000000000000000000', 1, 2, -62, -61]
['525049494F5400000000000000000000', 1, 2, -62, -68]
['BEC4225B5F79862473D71567FFEE553D', 64267, 8696, -117, -77]
['525049494F5400000000000000000000', 1, 2, -62, -68]
['525049494F5400000000000000000000', 1, 2, -62, -49]
['525049494F5400000000000000000000', 1, 2, -62, -68]
['525049494F5400000000000000000000', 1, 2, -62, -50]
['525049494F5400000000000000000000', 1, 2, -62, -67]
['525049494F5400000000000000000000', 1, 2, -62, -53]
['525049494F5400000000000000000000', 1, 2, -62, -49]
['525049494F5400000000000000000000', 1, 2, -62, -53]
['525049494F5400000000000000000000', 1, 2, -62, -64]
['525049494F5400000000000000000000', 1, 2, -62, -62]
['525049494F5400000000000000000000', 1, 2, -62, -64]
['BEC4225B5F79862473D71567FFEE553D', 64267, 8696, -117, -69]
['525049494F5400000000000000000000', 1, 2, -62, -62]
['525049494F5400000000000000000000', 1, 2, -62, -64]
['525049494F5400000000000000000000', 1, 2, -62, -53]
['525049494F5400000000000000000000', 1, 2, -62, -64]
['525049494F5400000000000000000000', 1, 2, -62, -53]
['525049494F5400000000000000000000', 1, 2, -62, -64]
['BEC4225B5F79862473D71567FFEE553D', 64267, 8696, -117, -50]
['525049494F5400000000000000000000', 1, 2, -62, -60]
['525049494F5400000000000000000000', 1, 2, -62, -64]
['525049494F5400000000000000000000', 1, 2, -62, -53]
['525049494F5400000000000000000000', 1, 2, -62, -63]
['525049494F5400000000000000000000', 1, 2, -62, -53]
['525049494F5400000000000000000000', 1, 2, -62, -64]
['525049494F5400000000000000000000', 1, 2, -62, -61]
['BEC4225B5F79862473D71567FFEE553D', 64267, 8696, -117, -63]
['525049494F5400000000000000000000', 1, 2, -62, -63]
['525049494F5400000000000000000000', 1, 2, -62, -61]
['525049494F5400000000000000000000', 1, 2, -62, -64]
['525049494F5400000000000000000000', 1, 2, -62, -61]
['525049494F5400000000000000000000', 1, 2, -62, -63]
['525049494F5400000000000000000000', 1, 2, -62, -61]
['BEC4225B5F79862473D71567FFEE553D', 64267, 8696, -117, -77]
['525049494F5400000000000000000000', 1, 2, -62, -64]
['525049494F5400000000000000000000', 1, 2, -62, -61]
['525049494F5400000000000000000000', 1, 2, -62, -49]
['525049494F5400000000000000000000', 1, 2, -62, -61]
['525049494F5400000000000000000000', 1, 2, -62, -68]
['BEC4225B5F79862473D71567FFEE553D', 64267, 8696, -117, -77]
['525049494F5400000000000000000000', 1, 2, -62, -61]
['525049494F5400000000000000000000', 1, 2, -62, -64]
['525049494F5400000000000000000000', 1, 2, -62, -62]
['525049494F5400000000000000000000', 1, 2, -62, -62]
['BEC4225B5F79862473D71567FFEE553D', 64267, 8696, -117, -53]
['525049494F5400000000000000000000', 1, 2, -62, -61]
['525049494F5400000000000000000000', 1, 2, -62, -63]
['525049494F5400000000000000000000', 1, 2, -62, -61]
['525049494F5400000000000000000000', 1, 2, -62, -63]
['525049494F5400000000000000000000', 1, 2, -62, -54]
['525049494F5400000000000000000000', 1, 2, -62, -49]
['525049494F5400000000000000000000', 1, 2, -62, -53]
['525049494F5400000000000000000000', 1, 2, -62, -50]
['525049494F5400000000000000000000', 1, 2, -62, -50]
['525049494F5400000000000000000000', 1, 2, -62, -61]
['525049494F5400000000000000000000', 1, 2, -62, -50]
['525049494F5400000000000000000000', 1, 2, -62, -61]
['BEC4225B5F79862473D71567FFEE553D', 64267, 8696, -117, -64]
['525049494F5400000000000000000000', 1, 2, -62, -50]
['525049494F5400000000000000000000', 1, 2, -62, -62]
['525049494F5400000000000000000000', 1, 2, -62, -54]
['525049494F5400000000000000000000', 1, 2, -62, -85]
['525049494F5400000000000000000000', 1, 2, -62, -60]
['BEC4225B5F79862473D71567FFEE553D', 64267, 8696, -117, -50]
['525049494F5400000000000000000000', 1, 2, -62, -54]
['525049494F5400000000000000000000', 1, 2, -62, -66]
['525049494F5400000000000000000000', 1, 2, -62, -49]
['525049494F5400000000000000000000', 1, 2, -62, -67]
['525049494F5400000000000000000000', 1, 2, -62, -49]
['BEC4225B5F79862473D71567FFEE553D', 64267, 8696, -117, -62]
['525049494F5400000000000000000000', 1, 2, -62, -61]
['525049494F5400000000000000000000', 1, 2, -62, -50]
['525049494F5400000000000000000000', 1, 2, -62, -53]
['525049494F5400000000000000000000', 1, 2, -62, -53]
['525049494F5400000000000000000000', 1, 2, -62, -49]
['BEC4225B5F79862473D71567FFEE553D', 64267, 8696, -117, -61]
['525049494F5400000000000000000000', 1, 2, -62, -77]
['525049494F5400000000000000000000', 1, 2, -62, -53]
['525049494F5400000000000000000000', 1, 2, -62, -53]
['525049494F5400000000000000000000', 1, 2, -62, -54]
['525049494F5400000000000000000000', 1, 2, -62, -61]
['BEC4225B5F79862473D71567FFEE553D', 64267, 8696, -117, -67]
['525049494F5400000000000000000000', 1, 2, -62, -62]
['525049494F5400000000000000000000', 1, 2, -62, -53]
['525049494F5400000000000000000000', 1, 2, -62, -50]
['525049494F5400000000000000000000', 1, 2, -62, -68]
['525049494F5400000000000000000000', 1, 2, -62, -62]
['BEC4225B5F79862473D71567FFEE553D', 64267, 8696, -117, -53]
['525049494F5400000000000000000000', 1, 2, -62, -64]
['525049494F5400000000000000000000', 1, 2, -62, -64]
['525049494F5400000000000000000000', 1, 2, -62, -53]
['525049494F5400000000000000000000', 1, 2, -62, -64]
['525049494F5400000000000000000000', 1, 2, -62, -53]
['BEC4225B5F79862473D71567FFEE553D', 64267, 8696, -117, -49]
['525049494F5400000000000000000000', 1, 2, -62, -53]
['525049494F5400000000000000000000', 1, 2, -62, -78]
['525049494F5400000000000000000000', 1, 2, -62, -53]
['525049494F5400000000000000000000', 1, 2, -62, -61]
['525049494F5400000000000000000000', 1, 2, -62, -64]
['BEC4225B5F79862473D71567FFEE553D', 64267, 8696, -117, -61]
['525049494F5400000000000000000000', 1, 2, -62, -84]
['525049494F5400000000000000000000', 1, 2, -62, -61]
['525049494F5400000000000000000000', 1, 2, -62, -63]
['525049494F5400000000000000000000', 1, 2, -62, -61]
['525049494F5400000000000000000000', 1, 2, -62, -63]
['525049494F5400000000000000000000', 1, 2, -62, -53]
['BEC4225B5F79862473D71567FFEE553D', 64267, 8696, -117, -69]
['525049494F5400000000000000000000', 1, 2, -62, -53]
['525049494F5400000000000000000000', 1, 2, -62, -64]
['525049494F5400000000000000000000', 1, 2, -62, -53]
['525049494F5400000000000000000000', 1, 2, -62, -64]
['525049494F5400000000000000000000', 1, 2, -62, -54]
['BEC4225B5F79862473D71567FFEE553D', 64267, 8696, -117, -64]
['525049494F5400000000000000000000', 1, 2, -62, -64]
['525049494F5400000000000000000000', 1, 2, -62, -59]
['525049494F5400000000000000000000', 1, 2, -62, -64]
['525049494F5400000000000000000000', 1, 2, -62, -59]
['525049494F5400000000000000000000', 1, 2, -62, -54]
['525049494F5400000000000000000000', 1, 2, -62, -54]
['525049494F5400000000000000000000', 1, 2, -62, -50]
['525049494F5400000000000000000000', 1, 2, -62, -54]
['525049494F5400000000000000000000', 1, 2, -62, -63]
['525049494F5400000000000000000000', 1, 2, -62, -60]
['525049494F5400000000000000000000', 1, 2, -62, -53]
['BEC4225B5F79862473D71567FFEE553D', 64267, 8696, -117, -60]
['525049494F5400000000000000000000', 1, 2, -62, -76]
['525049494F5400000000000000000000', 1, 2, -62, -53]
['525049494F5400000000000000000000', 1, 2, -62, -77]
['525049494F5400000000000000000000', 1, 2, -62, -53]
['525049494F5400000000000000000000', 1, 2, -62, -49]
['525049494F5400000000000000000000', 1, 2, -62, -53]
['BEC4225B5F79862473D71567FFEE553D', 64267, 8696, -117, -69]
['525049494F5400000000000000000000', 1, 2, -62, -67]
['525049494F5400000000000000000000', 1, 2, -62, -75]
['525049494F5400000000000000000000', 1, 2, -62, -75]
['525049494F5400000000000000000000', 1, 2, -62, -54]
['BEC4225B5F79862473D71567FFEE553D', 64267, 8696, -117, -50]
['525049494F5400000000000000000000', 1, 2, -62, -53]
['525049494F5400000000000000000000', 1, 2, -62, -50]
['525049494F5400000000000000000000', 1, 2, -62, -53]
['525049494F5400000000000000000000', 1, 2, -62, -64]
['525049494F5400000000000000000000', 1, 2, -62, -53]
['525049494F5400000000000000000000', 1, 2, -62, -76]
['BEC4225B5F79862473D71567FFEE553D', 64267, 8696, -117, -61]
['525049494F5400000000000000000000', 1, 2, -62, -49]
['525049494F5400000000000000000000', 1, 2, -62, -61]
['525049494F5400000000000000000000', 1, 2, -62, -54]
['525049494F5400000000000000000000', 1, 2, -62, -60]
['525049494F5400000000000000000000', 1, 2, -62, -53]
['BEC4225B5F79862473D71567FFEE553D', 64267, 8696, -117, -54]
['525049494F5400000000000000000000', 1, 2, -62, -54]
['525049494F5400000000000000000000', 1, 2, -62, -69]
['525049494F5400000000000000000000', 1, 2, -62, -49]
['525049494F5400000000000000000000', 1, 2, -62, -68]
['525049494F5400000000000000000000', 1, 2, -62, -50]
['BEC4225B5F79862473D71567FFEE553D', 64267, 8696, -117, -49]
['525049494F5400000000000000000000', 1, 2, -62, -68]
['525049494F5400000000000000000000', 1, 2, -62, -59]
['525049494F5400000000000000000000', 1, 2, -62, -65]
['525049494F5400000000000000000000', 1, 2, -62, -64]
['BEC4225B5F79862473D71567FFEE553D', 64267, 8696, -117, -76]
['525049494F5400000000000000000000', 1, 2, -62, -64]
['525049494F5400000000000000000000', 1, 2, -62, -54]
['525049494F5400000000000000000000', 1, 2, -62, -67]
['525049494F5400000000000000000000', 1, 2, -62, -64]
['525049494F5400000000000000000000', 1, 2, -62, -61]
['BEC4225B5F79862473D71567FFEE553D', 64267, 8696, -117, -77]
['525049494F5400000000000000000000', 1, 2, -62, -63]
['525049494F5400000000000000000000', 1, 2, -62, -53]
['525049494F5400000000000000000000', 1, 2, -62, -64]
['525049494F5400000000000000000000', 1, 2, -62, -60]
['525049494F5400000000000000000000', 1, 2, -62, -50]
['525049494F5400000000000000000000', 1, 2, -62, -77]
['BEC4225B5F79862473D71567FFEE553D', 64267, 8696, -117, -67]
['525049494F5400000000000000000000', 1, 2, -62, -50]
['525049494F5400000000000000000000', 1, 2, -62, -68]
['525049494F5400000000000000000000', 1, 2, -62, -50]
['525049494F5400000000000000000000', 1, 2, -62, -59]
['525049494F5400000000000000000000', 1, 2, -62, -49]
['525049494F5400000000000000000000', 1, 2, -62, -86]
['BEC4225B5F79862473D71567FFEE553D', 64267, 8696, -117, -54]
['525049494F5400000000000000000000', 1, 2, -62, -54]
['525049494F5400000000000000000000', 1, 2, -62, -77]
['525049494F5400000000000000000000', 1, 2, -62, -53]
['525049494F5400000000000000000000', 1, 2, -62, -77]
['525049494F5400000000000000000000', 1, 2, -62, -53]
['BEC4225B5F79862473D71567FFEE553D', 64267, 8696, -117, -50]
['525049494F5400000000000000000000', 1, 2, -62, -53]
['525049494F5400000000000000000000', 1, 2, -62, -76]
['525049494F5400000000000000000000', 1, 2, -62, -50]
['525049494F5400000000000000000000', 1, 2, -62, -76]
['525049494F5400000000000000000000', 1, 2, -62, -52]
['525049494F5400000000000000000000', 1, 2, -62, -77]
['525049494F5400000000000000000000', 1, 2, -62, -50]
['BEC4225B5F79862473D71567FFEE553D', 64267, 8696, -117, -61]
['525049494F5400000000000000000000', 1, 2, -62, -77]

