['525049494F5400000000000000000000', 1, 4, -62, -34]
['525049494F5400000000000000000000', 1, 4, -62, -54]
['000C0E004EA807AEBF794857B8A96A41', 10256, 523, 0, -84]
['525049494F5400000000000000000000', 1, 4, -62, -32]
['01000038AE217F66A80B02010607FF4C', 16, 523, 0, -92]
['000C0E004EA807AEBF794857B8A96A41', 10256, 523, 0, -95]
['525049494F5400000000000000000000', 1, 4, -62, -54]
['D3FD962B2D8C1EB5E5C028F993D6D8B1', 22024, 45914, 54, -39]
['525049494F5400000000000000000000', 1, 4, -62, -34]
['525049494F5400000000000000000000', 1, 4, -62, -55]
['525049494F5400000000000000000000', 1, 4, -62, -34]
['000C0E004EA807AEBF794857B8A96A41', 10256, 523, 0, -95]
['525049494F5400000000000000000000', 1, 4, -62, -54]
['525049494F5400000000000000000000', 1, 4, -62, -34]
['525049494F5400000000000000000000', 1, 4, -62, -46]
['525049494F5400000000000000000000', 1, 4, -62, -35]
['525049494F5400000000000000000000', 1, 4, -62, -54]
['525049494F5400000000000000000000', 1, 4, -62, -34]
['525049494F5400000000000000000000', 1, 4, -62, -54]
['525049494F5400000000000000000000', 1, 4, -62, -31]
['D3FD962B2D8C1EB5E5C028F993D6D8B1', 22024, 45914, 54, -44]
['525049494F5400000000000000000000', 1, 4, -62, -31]
['000C0E004EA807AEBF794857B8A96A41', 10256, 523, 0, -88]
['525049494F5400000000000000000000', 1, 4, -62, -49]
['525049494F5400000000000000000000', 1, 4, -62, -31]
['000C0E004EA807AEBF794857B8A96A41', 10256, 523, 0, -89]
['525049494F5400000000000000000000', 1, 4, -62, -49]
['525049494F5400000000000000000000', 1, 4, -62, -47]
['525049494F5400000000000000000000', 1, 4, -62, -31]
['D3FD962B2D8C1EB5E5C028F993D6D8B1', 22024, 45914, 54, -32]
['525049494F5400000000000000000000', 1, 4, -62, -49]
['525049494F5400000000000000000000', 1, 4, -62, -31]
['525049494F5400000000000000000000', 1, 4, -62, -47]
['000C0E004EA807AEBF794857B8A96A41', 10256, 523, 0, -95]
['525049494F5400000000000000000000', 1, 4, -62, -32]
['525049494F5400000000000000000000', 1, 4, -62, -47]
['525049494F5400000000000000000000', 1, 4, -62, -39]
['D3FD962B2D8C1EB5E5C028F993D6D8B1', 22024, 45914, 54, -45]
['525049494F5400000000000000000000', 1, 4, -62, -47]
['525049494F5400000000000000000000', 1, 4, -62, -39]
['525049494F5400000000000000000000', 1, 4, -62, -45]
['525049494F5400000000000000000000', 1, 4, -62, -38]
['000C0E004EA807AEBF794857B8A96A41', 10256, 523, 0, -90]
['525049494F5400000000000000000000', 1, 4, -62, -49]
['525049494F5400000000000000000000', 1, 4, -62, -38]
['000C0E004EA807AEBF794857B8A96A41', 10256, 523, 0, -90]
['D3FD962B2D8C1EB5E5C028F993D6D8B1', 22024, 45914, 54, -54]
['525049494F5400000000000000000000', 1, 4, -62, -31]
['000C0E004EA807AEBF794857B8A96A41', 10256, 523, 0, -89]
['525049494F5400000000000000000000', 1, 4, -62, -32]
['01000038AE217F66A80B02010607FF4C', 16, 523, 0, -102]
['000C0E004EA807AEBF794857B8A96A41', 10256, 523, 0, -98]
['525049494F5400000000000000000000', 1, 4, -62, -49]
['525049494F5400000000000000000000', 1, 4, -62, -32]
['000C0E004EA807AEBF794857B8A96A41', 10256, 523, 0, -85]
['525049494F5400000000000000000000', 1, 4, -62, -49]
['D3FD962B2D8C1EB5E5C028F993D6D8B1', 22024, 45914, 54, -38]
['000C0E004EA807AEBF794857B8A96A41', 10256, 523, 0, -95]
['525049494F5400000000000000000000', 1, 4, -62, -46]
['525049494F5400000000000000000000', 1, 4, -62, -46]
['525049494F5400000000000000000000', 1, 4, -62, -47]
['D3FD962B2D8C1EB5E5C028F993D6D8B1', 22024, 45914, 54, -32]
['525049494F5400000000000000000000', 1, 4, -62, -47]
['525049494F5400000000000000000000', 1, 4, -62, -32]
['525049494F5400000000000000000000', 1, 4, -62, -49]
['525049494F5400000000000000000000', 1, 4, -62, -31]
['525049494F5400000000000000000000', 1, 4, -62, -34]
['525049494F5400000000000000000000', 1, 4, -62, -54]
['525049494F5400000000000000000000', 1, 4, -62, -32]
['000C0E004EA807AEBF794857B8A96A41', 10256, 523, 0, -84]
['525049494F5400000000000000000000', 1, 4, -62, -31]
['525049494F5400000000000000000000', 1, 4, -62, -54]
['000C0E004EA807AEBF794857B8A96A41', 10256, 523, 0, -84]
['525049494F5400000000000000000000', 1, 4, -62, -31]
['525049494F5400000000000000000000', 1, 4, -62, -49]
['D3FD962B2D8C1EB5E5C028F993D6D8B1', 22024, 45914, 54, -34]
['525049494F5400000000000000000000', 1, 4, -62, -38]
['000C0E004EA807AEBF794857B8A96A41', 10256, 523, 0, -90]
['525049494F5400000000000000000000', 1, 4, -62, -34]
['525049494F5400000000000000000000', 1, 4, -62, -34]
['525049494F5400000000000000000000', 1, 4, -62, -45]
['525049494F5400000000000000000000', 1, 4, -62, -34]
['D3FD962B2D8C1EB5E5C028F993D6D8B1', 22024, 45914, 54, -32]
['0613FF4C000C0E08E1905AA0BA48B480', 65357, 11379, -109, -104]
['525049494F5400000000000000000000', 1, 4, -62, -39]
['525049494F5400000000000000000000', 1, 4, -62, -40]
['525049494F5400000000000000000000', 1, 4, -62, -54]
['D3FD962B2D8C1EB5E5C028F993D6D8B1', 22024, 45914, 54, -32]
['525049494F5400000000000000000000', 1, 4, -62, -34]
['000C0E004EA807AEBF794857B8A96A41', 10256, 523, 0, -95]
['525049494F5400000000000000000000', 1, 4, -62, -45]
['525049494F5400000000000000000000', 1, 4, -62, -38]
['525049494F5400000000000000000000', 1, 4, -62, -46]
['525049494F5400000000000000000000', 1, 4, -62, -38]
['525049494F5400000000000000000000', 1, 4, -62, -47]
['D3FD962B2D8C1EB5E5C028F993D6D8B1', 22024, 45914, 54, -38]
['525049494F5400000000000000000000', 1, 4, -62, -38]
['525049494F5400000000000000000000', 1, 4, -62, -46]
['525049494F5400000000000000000000', 1, 4, -62, -38]
['525049494F5400000000000000000000', 1, 4, -62, -38]
['525049494F5400000000000000000000', 1, 4, -62, -46]
['D3FD962B2D8C1EB5E5C028F993D6D8B1', 22024, 45914, 54, -54]
['525049494F5400000000000000000000', 1, 4, -62, -44]
['0613FF4C000C0E08E1905AA0BA48B480', 65357, 11379, -109, -95]
['525049494F5400000000000000000000', 1, 4, -62, -34]
['000C0E004EA807AEBF794857B8A96A41', 10256, 523, 0, -84]
['525049494F5400000000000000000000', 1, 4, -62, -46]
['525049494F5400000000000000000000', 1, 4, -62, -35]
['000C0E004EA807AEBF794857B8A96A41', 10256, 523, 0, -84]
['525049494F5400000000000000000000', 1, 4, -62, -54]
['525049494F5400000000000000000000', 1, 4, -62, -34]
['D3FD962B2D8C1EB5E5C028F993D6D8B1', 22024, 45914, 54, -47]
['525049494F5400000000000000000000', 1, 4, -62, -38]
['525049494F5400000000000000000000', 1, 4, -62, -34]
['525049494F5400000000000000000000', 1, 4, -62, -38]
['525049494F5400000000000000000000', 1, 4, -62, -34]
['525049494F5400000000000000000000', 1, 4, -62, -39]
['525049494F5400000000000000000000', 1, 4, -62, -46]
['D3FD962B2D8C1EB5E5C028F993D6D8B1', 22024, 45914, 54, -31]
['525049494F5400000000000000000000', 1, 4, -62, -38]
['525049494F5400000000000000000000', 1, 4, -62, -46]
['525049494F5400000000000000000000', 1, 4, -62, -62]
['000C0E004EA807AEBF794857B8A96A41', 10256, 523, 0, -88]
['525049494F5400000000000000000000', 1, 4, -62, -34]
['000C0E004EA807AEBF794857B8A96A41', 10256, 523, 0, -87]
['525049494F5400000000000000000000', 1, 4, -62, -38]
['525049494F5400000000000000000000', 1, 4, -62, -45]
['000C0E004EA807AEBF794857B8A96A41', 10256, 523, 0, -96]
['525049494F5400000000000000000000', 1, 4, -62, -34]
['D3FD962B2D8C1EB5E5C028F993D6D8B1', 22024, 45914, 54, -38]
['525049494F5400000000000000000000', 1, 4, -62, -54]
['525049494F5400000000000000000000', 1, 4, -62, -32]
['000C0E004EA807AEBF794857B8A96A41', 10256, 523, 0, -96]
['01000038AE217F66A80B02010607FF4C', 16, 523, 0, -91]
['525049494F5400000000000000000000', 1, 4, -62, -34]
['525049494F5400000000000000000000', 1, 4, -62, -34]
['D3FD962B2D8C1EB5E5C028F993D6D8B1', 22024, 45914, 54, -55]
['01000038AE217F66A80B02010607FF4C', 16, 523, 0, -94]
['525049494F5400000000000000000000', 1, 4, -62, -54]
['525049494F5400000000000000000000', 1, 4, -62, -32]
['525049494F5400000000000000000000', 1, 4, -62, -38]
['525049494F5400000000000000000000', 1, 4, -62, -31]
['000C0E004EA807AEBF794857B8A96A41', 10256, 523, 0, -88]
['525049494F5400000000000000000000', 1, 4, -62, -38]
['525049494F5400000000000000000000', 1, 4, -62, -40]
['000C0E004EA807AEBF794857B8A96A41', 10256, 523, 0, -85]
['D3FD962B2D8C1EB5E5C028F993D6D8B1', 22024, 45914, 54, -55]
['525049494F5400000000000000000000', 1, 4, -62, -43]
['000C0E004EA807AEBF794857B8A96A41', 10256, 523, 0, -84]
['525049494F5400000000000000000000', 1, 4, -62, -34]
['525049494F5400000000000000000000', 1, 4, -62, -46]
['525049494F5400000000000000000000', 1, 4, -62, -35]
['525049494F5400000000000000000000', 1, 4, -62, -54]
['D3FD962B2D8C1EB5E5C028F993D6D8B1', 22024, 45914, 54, -32]
['525049494F5400000000000000000000', 1, 4, -62, -34]
['0613FF4C000C0E08E1905AA0BA48B480', 65357, 11379, -109, -93]
['525049494F5400000000000000000000', 1, 4, -62, -46]
['525049494F5400000000000000000000', 1, 4, -62, -35]
['525049494F5400000000000000000000', 1, 4, -62, -32]
['000C0E004EA807AEBF794857B8A96A41', 10256, 523, 0, -92]
['525049494F5400000000000000000000', 1, 4, -62, -34]
['525049494F5400000000000000000000', 1, 4, -62, -38]
['D3FD962B2D8C1EB5E5C028F993D6D8B1', 22024, 45914, 54, -38]
['525049494F5400000000000000000000', 1, 4, -62, -32]
['01000038AE217F66A80B02010607FF4C', 16, 523, 0, -93]
['525049494F5400000000000000000000', 1, 4, -62, -49]
['000C0E004EA807AEBF794857B8A96A41', 10256, 523, 0, -89]
['525049494F5400000000000000000000', 1, 4, -62, -32]
['525049494F5400000000000000000000', 1, 4, -62, -49]
['000C0E004EA807AEBF794857B8A96A41', 10256, 523, 0, -90]
['525049494F5400000000000000000000', 1, 4, -62, -46]
['000C0E004EA807AEBF794857B8A96A41', 10256, 523, 0, -88]
['D3FD962B2D8C1EB5E5C028F993D6D8B1', 22024, 45914, 54, -34]
['000C0E004EA807AEBF794857B8A96A41', 10256, 523, 0, -95]
['525049494F5400000000000000000000', 1, 4, -62, -47]
['525049494F5400000000000000000000', 1, 4, -62, -31]
['000C0E004EA807AEBF794857B8A96A41', 10256, 523, 0, -84]
['525049494F5400000000000000000000', 1, 4, -62, -47]
['525049494F5400000000000000000000', 1, 4, -62, -31]
['525049494F5400000000000000000000', 1, 4, -62, -49]
['D3FD962B2D8C1EB5E5C028F993D6D8B1', 22024, 45914, 54, -49]
['525049494F5400000000000000000000', 1, 4, -62, -49]
['525049494F5400000000000000000000', 1, 4, -62, -39]
['01000038AE217F66A80B02010607FF4C', 16, 523, 0, -90]
['525049494F5400000000000000000000', 1, 4, -62, -47]
['01000038AE217F66A80B02010607FF4C', 16, 523, 0, -92]
['525049494F5400000000000000000000', 1, 4, -62, -38]
['525049494F5400000000000000000000', 1, 4, -62, -46]
['D3FD962B2D8C1EB5E5C028F993D6D8B1', 22024, 45914, 54, -32]
['525049494F5400000000000000000000', 1, 4, -62, -38]
['525049494F5400000000000000000000', 1, 4, -62, -49]
['525049494F5400000000000000000000', 1, 4, -62, -38]
['000C0E004EA807AEBF794857B8A96A41', 10256, 523, 0, -94]
['525049494F5400000000000000000000', 1, 4, -62, -39]
['525049494F5400000000000000000000', 1, 4, -62, -46]
['525049494F5400000000000000000000', 1, 4, -62, -38]
['D3FD962B2D8C1EB5E5C028F993D6D8B1', 22024, 45914, 54, -38]
['000C0E004EA807AEBF794857B8A96A41', 10256, 523, 0, -82]
['525049494F5400000000000000000000', 1, 4, -62, -46]
['525049494F5400000000000000000000', 1, 4, -62, -38]
['525049494F5400000000000000000000', 1, 4, -62, -44]
['000C0E004EA807AEBF794857B8A96A41', 10256, 523, 0, -93]
['525049494F5400000000000000000000', 1, 4, -62, -38]
['525049494F5400000000000000000000', 1, 4, -62, -34]
['D3FD962B2D8C1EB5E5C028F993D6D8B1', 22024, 45914, 54, -54]
['525049494F5400000000000000000000', 1, 4, -62, -34]
['525049494F5400000000000000000000', 1, 4, -62, -62]
['01000038AE217F66A80B02010607FF4C', 16, 523, 0, -103]
['525049494F5400000000000000000000', 1, 4, -62, -34]
['525049494F5400000000000000000000', 1, 4, -62, -46]
['D3FD962B2D8C1EB5E5C028F993D6D8B1', 22024, 45914, 54, -35]
['000C0E004EA807AEBF794857B8A96A41', 10256, 523, 0, -84]
['525049494F5400000000000000000000', 1, 4, -62, -38]
['525049494F5400000000000000000000', 1, 4, -62, -49]
['000C0E004EA807AEBF794857B8A96A41', 10256, 523, 0, -84]
['525049494F5400000000000000000000', 1, 4, -62, -39]
['01000038AE217F66A80B02010607FF4C', 16, 523, 0, -94]
['000C0E004EA807AEBF794857B8A96A41', 10256, 523, 0, -84]
['525049494F5400000000000000000000', 1, 4, -62, -34]
['000C0E004EA807AEBF794857B8A96A41', 10256, 523, 0, -85]
['01000038AE217F66A80B02010607FF4C', 16, 523, 0, -93]
['525049494F5400000000000000000000', 1, 4, -62, -54]
['01000038AE217F66A80B02010607FF4C', 16, 523, 0, -101]
['525049494F5400000000000000000000', 1, 4, -62, -34]
['525049494F5400000000000000000000', 1, 4, -62, -54]
['525049494F5400000000000000000000', 1, 4, -62, -32]
['525049494F5400000000000000000000', 1, 4, -62, -47]
['525049494F5400000000000000000000', 1, 4, -62, -34]
['D3FD962B2D8C1EB5E5C028F993D6D8B1', 22024, 45914, 54, -34]
['525049494F5400000000000000000000', 1, 4, -62, -38]
['525049494F5400000000000000000000', 1, 4, -62, -32]
['525049494F5400000000000000000000', 1, 4, -62, -34]
['525049494F5400000000000000000000', 1, 4, -62, -54]
['525049494F5400000000000000000000', 1, 4, -62, -34]
['000C0E004EA807AEBF794857B8A96A41', 10256, 523, 0, -99]
['525049494F5400000000000000000000', 1, 4, -62, -54]
['D3FD962B2D8C1EB5E5C028F993D6D8B1', 22024, 45914, 54, -31]
['01000038AE217F66A80B02010607FF4C', 16, 523, 0, -93]
['525049494F5400000000000000000000', 1, 4, -62, -49]
['525049494F5400000000000000000000', 1, 4, -62, -46]
['000C0E004EA807AEBF794857B8A96A41', 10256, 523, 0, -85]
['525049494F5400000000000000000000', 1, 4, -62, -47]
['525049494F5400000000000000000000', 1, 4, -62, -33]
['D3FD962B2D8C1EB5E5C028F993D6D8B1', 22024, 45914, 54, -39]
['525049494F5400000000000000000000', 1, 4, -62, -46]
['525049494F5400000000000000000000', 1, 4, -62, -47]
['525049494F5400000000000000000000', 1, 4, -62, -67]
['525049494F5400000000000000000000', 1, 4, -62, -46]
['000C0E004EA807AEBF794857B8A96A41', 10256, 523, 0, -87]
['525049494F5400000000000000000000', 1, 4, -62, -34]
['0613FF4C000C0E08E290ABA2D6C69C76', 32410, 19336, 21, -105]
['D3FD962B2D8C1EB5E5C028F993D6D8B1', 22024, 45914, 54, -34]
['525049494F5400000000000000000000', 1, 4, -62, -43]
['000C0E004EA807AEBF794857B8A96A41', 10256, 523, 0, -86]
['525049494F5400000000000000000000', 1, 4, -62, -34]
['525049494F5400000000000000000000', 1, 4, -62, -61]
['525049494F5400000000000000000000', 1, 4, -62, -61]
['525049494F5400000000000000000000', 1, 4, -62, -34]
['000C0E004EA807AEBF794857B8A96A41', 10256, 523, 0, -83]
['525049494F5400000000000000000000', 1, 4, -62, -54]

