['D3FD962B2D8C1EB5E5C028F993D6D8B1', 22024, 45914, 54, -31]
['525049494F5400000000000000000000', 1, 4, -62, -46]
['525049494F5400000000000000000000', 1, 4, -62, -37]
['525049494F5400000000000000000000', 1, 4, -62, -45]
['525049494F5400000000000000000000', 1, 4, -62, -34]
['525049494F5400000000000000000000', 1, 4, -62, -43]
['525049494F5400000000000000000000', 1, 4, -62, -34]
['D3FD962B2D8C1EB5E5C028F993D6D8B1', 22024, 45914, 54, -38]
['525049494F5400000000000000000000', 1, 4, -62, -46]
['525049494F5400000000000000000000', 1, 4, -62, -31]
['525049494F5400000000000000000000', 1, 4, -62, -53]
['525049494F5400000000000000000000', 1, 4, -62, -31]
['525049494F5400000000000000000000', 1, 4, -62, -53]
['525049494F5400000000000000000000', 1, 4, -62, -58]
['D3FD962B2D8C1EB5E5C028F993D6D8B1', 22024, 45914, 54, -66]
['525049494F5400000000000000000000', 1, 4, -62, -48]
['525049494F5400000000000000000000', 1, 4, -62, -31]
['525049494F5400000000000000000000', 1, 4, -62, -53]
['525049494F5400000000000000000000', 1, 4, -62, -31]
['525049494F5400000000000000000000', 1, 4, -62, -53]
['525049494F5400000000000000000000', 1, 4, -62, -52]
['D3FD962B2D8C1EB5E5C028F993D6D8B1', 22024, 45914, 54, -46]
['525049494F5400000000000000000000', 1, 4, -62, -32]
['525049494F5400000000000000000000', 1, 4, -62, -48]
['525049494F5400000000000000000000', 1, 4, -62, -66]
['525049494F5400000000000000000000', 1, 4, -62, -48]
['525049494F5400000000000000000000', 1, 4, -62, -31]
['D3FD962B2D8C1EB5E5C028F993D6D8B1', 22024, 45914, 54, -31]
['525049494F5400000000000000000000', 1, 4, -62, -46]
['525049494F5400000000000000000000', 1, 4, -62, -31]
['525049494F5400000000000000000000', 1, 4, -62, -37]
['525049494F5400000000000000000000', 1, 4, -62, -31]
['525049494F5400000000000000000000', 1, 4, -62, -48]
['525049494F5400000000000000000000', 1, 4, -62, -37]
['525049494F5400000000000000000000', 1, 4, -62, -48]
['525049494F5400000000000000000000', 1, 4, -62, -37]
['525049494F5400000000000000000000', 1, 4, -62, -47]
['525049494F5400000000000000000000', 1, 4, -62, -31]
['525049494F5400000000000000000000', 1, 4, -62, -53]
['525049494F5400000000000000000000', 1, 4, -62, -31]
['525049494F5400000000000000000000', 1, 4, -62, -53]
['D3FD962B2D8C1EB5E5C028F993D6D8B1', 22024, 45914, 54, -53]
['525049494F5400000000000000000000', 1, 4, -62, -31]
['525049494F5400000000000000000000', 1, 4, -62, -53]
['01000038AE217F66A80B02010607FF4C', 16, 523, 0, -93]
['525049494F5400000000000000000000', 1, 4, -62, -33]
['525049494F5400000000000000000000', 1, 4, -62, -33]
['525049494F5400000000000000000000', 1, 4, -62, -37]
['D3FD962B2D8C1EB5E5C028F993D6D8B1', 22024, 45914, 54, -33]
['525049494F5400000000000000000000', 1, 4, -62, -33]
['525049494F5400000000000000000000', 1, 4, -62, -48]
['525049494F5400000000000000000000', 1, 4, -62, -48]
['525049494F5400000000000000000000', 1, 4, -62, -31]
['D3FD962B2D8C1EB5E5C028F993D6D8B1', 22024, 45914, 54, -31]
['525049494F5400000000000000000000', 1, 4, -62, -53]
['525049494F5400000000000000000000', 1, 4, -62, -31]
['525049494F5400000000000000000000', 1, 4, -62, -34]
['525049494F5400000000000000000000', 1, 4, -62, -32]
['525049494F5400000000000000000000', 1, 4, -62, -37]
['525049494F5400000000000000000000', 1, 4, -62, -46]
['D3FD962B2D8C1EB5E5C028F993D6D8B1', 22024, 45914, 54, -53]
['525049494F5400000000000000000000', 1, 4, -62, -33]
['525049494F5400000000000000000000', 1, 4, -62, -53]
['525049494F5400000000000000000000', 1, 4, -62, -45]
['525049494F5400000000000000000000', 1, 4, -62, -34]
['01000038AE217F66A80B02010607FF4C', 16, 523, 0, -92]
['525049494F5400000000000000000000', 1, 4, -62, -34]
['525049494F5400000000000000000000', 1, 4, -62, -31]
['525049494F5400000000000000000000', 1, 4, -62, -34]
['525049494F5400000000000000000000', 1, 4, -62, -53]
['D3FD962B2D8C1EB5E5C028F993D6D8B1', 22024, 45914, 54, -31]
['525049494F5400000000000000000000', 1, 4, -62, -31]
['525049494F5400000000000000000000', 1, 4, -62, -53]
['01000038AE217F66A80B02010607FF4C', 16, 523, 0, -90]
['525049494F5400000000000000000000', 1, 4, -62, -31]
['525049494F5400000000000000000000', 1, 4, -62, -53]
['525049494F5400000000000000000000', 1, 4, -62, -31]
['525049494F5400000000000000000000', 1, 4, -62, -53]
['525049494F5400000000000000000000', 1, 4, -62, -31]
['D3FD962B2D8C1EB5E5C028F993D6D8B1', 22024, 45914, 54, -53]
['525049494F5400000000000000000000', 1, 4, -62, -53]
['525049494F5400000000000000000000', 1, 4, -62, -31]
['525049494F5400000000000000000000', 1, 4, -62, -53]
['525049494F5400000000000000000000', 1, 4, -62, -34]
['525049494F5400000000000000000000', 1, 4, -62, -34]
['D3FD962B2D8C1EB5E5C028F993D6D8B1', 22024, 45914, 54, -47]
['525049494F5400000000000000000000', 1, 4, -62, -31]
['525049494F5400000000000000000000', 1, 4, -62, -33]
['525049494F5400000000000000000000', 1, 4, -62, -33]
['525049494F5400000000000000000000', 1, 4, -62, -31]
['525049494F5400000000000000000000', 1, 4, -62, -33]
['D3FD962B2D8C1EB5E5C028F993D6D8B1', 22024, 45914, 54, -31]
['525049494F5400000000000000000000', 1, 4, -62, -33]
['525049494F5400000000000000000000', 1, 4, -62, -55]
['525049494F5400000000000000000000', 1, 4, -62, -54]
['D3FD962B2D8C1EB5E5C028F993D6D8B1', 22024, 45914, 54, -37]
['525049494F5400000000000000000000', 1, 4, -62, -49]
['525049494F5400000000000000000000', 1, 4, -62, -37]
['525049494F5400000000000000000000', 1, 4, -62, -48]
['525049494F5400000000000000000000', 1, 4, -62, -37]
['525049494F5400000000000000000000', 1, 4, -62, -46]
['525049494F5400000000000000000000', 1, 4, -62, -34]
['D3FD962B2D8C1EB5E5C028F993D6D8B1', 22024, 45914, 54, -53]
['525049494F5400000000000000000000', 1, 4, -62, -45]
['525049494F5400000000000000000000', 1, 4, -62, -34]
['525049494F5400000000000000000000', 1, 4, -62, -46]
['525049494F5400000000000000000000', 1, 4, -62, -37]
['525049494F5400000000000000000000', 1, 4, -62, -55]
['525049494F5400000000000000000000', 1, 4, -62, -37]
['525049494F5400000000000000000000', 1, 4, -62, -46]
['525049494F5400000000000000000000', 1, 4, -62, -32]
['525049494F5400000000000000000000', 1, 4, -62, -46]
['525049494F5400000000000000000000', 1, 4, -62, -31]
['525049494F5400000000000000000000', 1, 4, -62, -49]
['525049494F5400000000000000000000', 1, 4, -62, -31]
['525049494F5400000000000000000000', 1, 4, -62, -48]
['D3FD962B2D8C1EB5E5C028F993D6D8B1', 22024, 45914, 54, -33]
['525049494F5400000000000000000000', 1, 4, -62, -31]
['525049494F5400000000000000000000', 1, 4, -62, -53]
['525049494F5400000000000000000000', 1, 4, -62, -31]
['525049494F5400000000000000000000', 1, 4, -62, -53]
['525049494F5400000000000000000000', 1, 4, -62, -31]
['525049494F5400000000000000000000', 1, 4, -62, -52]
['D3FD962B2D8C1EB5E5C028F993D6D8B1', 22024, 45914, 54, -31]
['525049494F5400000000000000000000', 1, 4, -62, -34]
['525049494F5400000000000000000000', 1, 4, -62, -53]
['525049494F5400000000000000000000', 1, 4, -62, -33]
['525049494F5400000000000000000000', 1, 4, -62, -53]
['525049494F5400000000000000000000', 1, 4, -62, -54]
['D3FD962B2D8C1EB5E5C028F993D6D8B1', 22024, 45914, 54, -53]
['525049494F5400000000000000000000', 1, 4, -62, -31]
['525049494F5400000000000000000000', 1, 4, -62, -54]
['525049494F5400000000000000000000', 1, 4, -62, -34]
['525049494F5400000000000000000000', 1, 4, -62, -55]
['525049494F5400000000000000000000', 1, 4, -62, -45]
['D3FD962B2D8C1EB5E5C028F993D6D8B1', 22024, 45914, 54, -46]
['525049494F5400000000000000000000', 1, 4, -62, -45]
['525049494F5400000000000000000000', 1, 4, -62, -38]
['525049494F5400000000000000000000', 1, 4, -62, -46]
['525049494F5400000000000000000000', 1, 4, -62, -37]
['525049494F5400000000000000000000', 1, 4, -62, -46]
['D3FD962B2D8C1EB5E5C028F993D6D8B1', 22024, 45914, 54, -31]
['525049494F5400000000000000000000', 1, 4, -62, -37]
['525049494F5400000000000000000000', 1, 4, -62, -46]
['525049494F5400000000000000000000', 1, 4, -62, -37]
['525049494F5400000000000000000000', 1, 4, -62, -43]
['525049494F5400000000000000000000', 1, 4, -62, -37]
['525049494F5400000000000000000000', 1, 4, -62, -46]
['525049494F5400000000000000000000', 1, 4, -62, -33]
['D3FD962B2D8C1EB5E5C028F993D6D8B1', 22024, 45914, 54, -31]
['525049494F5400000000000000000000', 1, 4, -62, -46]
['525049494F5400000000000000000000', 1, 4, -62, -33]
['525049494F5400000000000000000000', 1, 4, -62, -53]
['525049494F5400000000000000000000', 1, 4, -62, -61]
['525049494F5400000000000000000000', 1, 4, -62, -37]
['D3FD962B2D8C1EB5E5C028F993D6D8B1', 22024, 45914, 54, -37]
['525049494F5400000000000000000000', 1, 4, -62, -37]
['525049494F5400000000000000000000', 1, 4, -62, -46]
['525049494F5400000000000000000000', 1, 4, -62, -37]
['525049494F5400000000000000000000', 1, 4, -62, -45]
['525049494F5400000000000000000000', 1, 4, -62, -37]
['525049494F5400000000000000000000', 1, 4, -62, -48]
['D3FD962B2D8C1EB5E5C028F993D6D8B1', 22024, 45914, 54, -33]
['525049494F5400000000000000000000', 1, 4, -62, -34]
['525049494F5400000000000000000000', 1, 4, -62, -46]
['525049494F5400000000000000000000', 1, 4, -62, -37]
['525049494F5400000000000000000000', 1, 4, -62, -31]
['D3FD962B2D8C1EB5E5C028F993D6D8B1', 22024, 45914, 54, -48]
['525049494F5400000000000000000000', 1, 4, -62, -37]
['525049494F5400000000000000000000', 1, 4, -62, -31]
['525049494F5400000000000000000000', 1, 4, -62, -54]
['525049494F5400000000000000000000', 1, 4, -62, -34]
['525049494F5400000000000000000000', 1, 4, -62, -53]
['01000038AE217F66A80B02010607FF4C', 16, 523, 0, -104]
['525049494F5400000000000000000000', 1, 4, -62, -32]
['525049494F5400000000000000000000', 1, 4, -62, -53]
['D3FD962B2D8C1EB5E5C028F993D6D8B1', 22024, 45914, 54, -45]
['525049494F5400000000000000000000', 1, 4, -62, -31]
['525049494F5400000000000000000000', 1, 4, -62, -53]
['525049494F5400000000000000000000', 1, 4, -62, -34]
['525049494F5400000000000000000000', 1, 4, -62, -53]
['525049494F5400000000000000000000', 1, 4, -62, -34]
['525049494F5400000000000000000000', 1, 4, -62, -53]
['D3FD962B2D8C1EB5E5C028F993D6D8B1', 22024, 45914, 54, -37]
['525049494F5400000000000000000000', 1, 4, -62, -34]
['525049494F5400000000000000000000', 1, 4, -62, -53]
['525049494F5400000000000000000000', 1, 4, -62, -34]
['525049494F5400000000000000000000', 1, 4, -62, -53]
['525049494F5400000000000000000000', 1, 4, -62, -31]
['525049494F5400000000000000000000', 1, 4, -62, -31]
['525049494F5400000000000000000000', 1, 4, -62, -53]
['525049494F5400000000000000000000', 1, 4, -62, -33]
['525049494F5400000000000000000000', 1, 4, -62, -46]
['525049494F5400000000000000000000', 1, 4, -62, -33]
['525049494F5400000000000000000000', 1, 4, -62, -53]
['D3FD962B2D8C1EB5E5C028F993D6D8B1', 22024, 45914, 54, -45]
['525049494F5400000000000000000000', 1, 4, -62, -34]
['525049494F5400000000000000000000', 1, 4, -62, -31]
['525049494F5400000000000000000000', 1, 4, -62, -34]
['525049494F5400000000000000000000', 1, 4, -62, -31]
['525049494F5400000000000000000000', 1, 4, -62, -43]
['D3FD962B2D8C1EB5E5C028F993D6D8B1', 22024, 45914, 54, -31]
['525049494F5400000000000000000000', 1, 4, -62, -33]
['525049494F5400000000000000000000', 1, 4, -62, -54]
['525049494F5400000000000000000000', 1, 4, -62, -31]
['525049494F5400000000000000000000', 1, 4, -62, -53]
['525049494F5400000000000000000000', 1, 4, -62, -34]
['525049494F5400000000000000000000', 1, 4, -62, -37]
['525049494F5400000000000000000000', 1, 4, -62, -31]
['D3FD962B2D8C1EB5E5C028F993D6D8B1', 22024, 45914, 54, -53]
['525049494F5400000000000000000000', 1, 4, -62, -54]
['525049494F5400000000000000000000', 1, 4, -62, -32]

