['525049494F5400000000000000000000', 1, 4, -62, -58]
['525049494F5400000000000000000000', 1, 4, -62, -56]
['525049494F5400000000000000000000', 1, 4, -62, -37]
['525049494F5400000000000000000000', 1, 4, -62, -52]
['525049494F5400000000000000000000', 1, 4, -62, -38]
['525049494F5400000000000000000000', 1, 4, -62, -48]
['D3FD962B2D8C1EB5E5C028F993D6D8B1', 22024, 45914, 54, -37]
['525049494F5400000000000000000000', 1, 4, -62, -59]
['525049494F5400000000000000000000', 1, 4, -62, -48]
['525049494F5400000000000000000000', 1, 4, -62, -39]
['525049494F5400000000000000000000', 1, 4, -62, -50]
['525049494F5400000000000000000000', 1, 4, -62, -38]
['525049494F5400000000000000000000', 1, 4, -62, -37]
['D3FD962B2D8C1EB5E5C028F993D6D8B1', 22024, 45914, 54, -50]
['525049494F5400000000000000000000', 1, 4, -62, -48]
['525049494F5400000000000000000000', 1, 4, -62, -37]
['525049494F5400000000000000000000', 1, 4, -62, -50]
['525049494F5400000000000000000000', 1, 4, -62, -37]
['525049494F5400000000000000000000', 1, 4, -62, -50]
['525049494F5400000000000000000000', 1, 4, -62, -37]
['D3FD962B2D8C1EB5E5C028F993D6D8B1', 22024, 45914, 54, -35]
['525049494F5400000000000000000000', 1, 4, -62, -54]
['525049494F5400000000000000000000', 1, 4, -62, -37]
['525049494F5400000000000000000000', 1, 4, -62, -39]
['525049494F5400000000000000000000', 1, 4, -62, -37]
['525049494F5400000000000000000000', 1, 4, -62, -37]
['525049494F5400000000000000000000', 1, 4, -62, -50]
['525049494F5400000000000000000000', 1, 4, -62, -48]
['525049494F5400000000000000000000', 1, 4, -62, -37]
['525049494F5400000000000000000000', 1, 4, -62, -48]
['525049494F5400000000000000000000', 1, 4, -62, -38]
['525049494F5400000000000000000000', 1, 4, -62, -48]
['D3FD962B2D8C1EB5E5C028F993D6D8B1', 22024, 45914, 54, -54]
['525049494F5400000000000000000000', 1, 4, -62, -38]
['525049494F5400000000000000000000', 1, 4, -62, -38]
['525049494F5400000000000000000000', 1, 4, -62, -35]
['525049494F5400000000000000000000', 1, 4, -62, -54]
['525049494F5400000000000000000000', 1, 4, -62, -35]
['D3FD962B2D8C1EB5E5C028F993D6D8B1', 22024, 45914, 54, -37]
['525049494F5400000000000000000000', 1, 4, -62, -51]
['525049494F5400000000000000000000', 1, 4, -62, -56]
['525049494F5400000000000000000000', 1, 4, -62, -52]
['525049494F5400000000000000000000', 1, 4, -62, -35]
['525049494F5400000000000000000000', 1, 4, -62, -39]
['525049494F5400000000000000000000', 1, 4, -62, -52]
['D3FD962B2D8C1EB5E5C028F993D6D8B1', 22024, 45914, 54, -37]
['525049494F5400000000000000000000', 1, 4, -62, -35]
['525049494F5400000000000000000000', 1, 4, -62, -52]
['525049494F5400000000000000000000', 1, 4, -62, -35]
['525049494F5400000000000000000000', 1, 4, -62, -38]
['525049494F5400000000000000000000', 1, 4, -62, -49]
['525049494F5400000000000000000000', 1, 4, -62, -38]
['D3FD962B2D8C1EB5E5C028F993D6D8B1', 22024, 45914, 54, -36]
['525049494F5400000000000000000000', 1, 4, -62, -37]
['525049494F5400000000000000000000', 1, 4, -62, -56]
['525049494F5400000000000000000000', 1, 4, -62, -52]
['525049494F5400000000000000000000', 1, 4, -62, -38]
['D3FD962B2D8C1EB5E5C028F993D6D8B1', 22024, 45914, 54, -38]
['525049494F5400000000000000000000', 1, 4, -62, -52]
['525049494F5400000000000000000000', 1, 4, -62, -52]
['525049494F5400000000000000000000', 1, 4, -62, -38]
['525049494F5400000000000000000000', 1, 4, -62, -37]
['525049494F5400000000000000000000', 1, 4, -62, -38]
['525049494F5400000000000000000000', 1, 4, -62, -35]
['D3FD962B2D8C1EB5E5C028F993D6D8B1', 22024, 45914, 54, -54]
['525049494F5400000000000000000000', 1, 4, -62, -38]
['525049494F5400000000000000000000', 1, 4, -62, -39]
['525049494F5400000000000000000000', 1, 4, -62, -52]
['525049494F5400000000000000000000', 1, 4, -62, -39]
['525049494F5400000000000000000000', 1, 4, -62, -52]
['D3FD962B2D8C1EB5E5C028F993D6D8B1', 22024, 45914, 54, -37]
['525049494F5400000000000000000000', 1, 4, -62, -35]
['525049494F5400000000000000000000', 1, 4, -62, -54]
['525049494F5400000000000000000000', 1, 4, -62, -35]
['525049494F5400000000000000000000', 1, 4, -62, -54]
['525049494F5400000000000000000000', 1, 4, -62, -38]
['525049494F5400000000000000000000', 1, 4, -62, -54]
['D3FD962B2D8C1EB5E5C028F993D6D8B1', 22024, 45914, 54, -35]
['525049494F5400000000000000000000', 1, 4, -62, -37]
['525049494F5400000000000000000000', 1, 4, -62, -54]
['525049494F5400000000000000000000', 1, 4, -62, -54]
['525049494F5400000000000000000000', 1, 4, -62, -37]
['525049494F5400000000000000000000', 1, 4, -62, -48]
['D3FD962B2D8C1EB5E5C028F993D6D8B1', 22024, 45914, 54, -62]
['525049494F5400000000000000000000', 1, 4, -62, -35]
['525049494F5400000000000000000000', 1, 4, -62, -38]
['525049494F5400000000000000000000', 1, 4, -62, -50]
['525049494F5400000000000000000000', 1, 4, -62, -37]
['D3FD962B2D8C1EB5E5C028F993D6D8B1', 22024, 45914, 54, -47]
['525049494F5400000000000000000000', 1, 4, -62, -56]
['525049494F5400000000000000000000', 1, 4, -62, -37]
['525049494F5400000000000000000000', 1, 4, -62, -37]
['525049494F5400000000000000000000', 1, 4, -62, -55]
['525049494F5400000000000000000000', 1, 4, -62, -35]
['D3FD962B2D8C1EB5E5C028F993D6D8B1', 22024, 45914, 54, -35]
['525049494F5400000000000000000000', 1, 4, -62, -52]
['525049494F5400000000000000000000', 1, 4, -62, -35]
['525049494F5400000000000000000000', 1, 4, -62, -37]
['525049494F5400000000000000000000', 1, 4, -62, -52]
['525049494F5400000000000000000000', 1, 4, -62, -35]
['525049494F5400000000000000000000', 1, 4, -62, -37]
['D3FD962B2D8C1EB5E5C028F993D6D8B1', 22024, 45914, 54, -48]
['525049494F5400000000000000000000', 1, 4, -62, -58]
['525049494F5400000000000000000000', 1, 4, -62, -35]
['525049494F5400000000000000000000', 1, 4, -62, -37]
['525049494F5400000000000000000000', 1, 4, -62, -35]
['525049494F5400000000000000000000', 1, 4, -62, -38]
['D3FD962B2D8C1EB5E5C028F993D6D8B1', 22024, 45914, 54, -54]
['525049494F5400000000000000000000', 1, 4, -62, -37]
['525049494F5400000000000000000000', 1, 4, -62, -38]
['525049494F5400000000000000000000', 1, 4, -62, -49]
['525049494F5400000000000000000000', 1, 4, -62, -37]
['525049494F5400000000000000000000', 1, 4, -62, -54]
['525049494F5400000000000000000000', 1, 4, -62, -50]
['D3FD962B2D8C1EB5E5C028F993D6D8B1', 22024, 45914, 54, -38]
['525049494F5400000000000000000000', 1, 4, -62, -39]
['525049494F5400000000000000000000', 1, 4, -62, -48]
['525049494F5400000000000000000000', 1, 4, -62, -39]
['525049494F5400000000000000000000', 1, 4, -62, -37]
['525049494F5400000000000000000000', 1, 4, -62, -38]
['525049494F5400000000000000000000', 1, 4, -62, -37]
['D3FD962B2D8C1EB5E5C028F993D6D8B1', 22024, 45914, 54, -37]
['010001809D403BB4660B02011A07FF4C', 16, 523, 0, -92]
['525049494F5400000000000000000000', 1, 4, -62, -38]
['525049494F5400000000000000000000', 1, 4, -62, -52]
['525049494F5400000000000000000000', 1, 4, -62, -35]
['525049494F5400000000000000000000', 1, 4, -62, -54]
['525049494F5400000000000000000000', 1, 4, -62, -36]
['525049494F5400000000000000000000', 1, 4, -62, -52]
['D3FD962B2D8C1EB5E5C028F993D6D8B1', 22024, 45914, 54, -35]
['01000038AE217F66A80B02010607FF4C', 16, 523, 0, -94]
['525049494F5400000000000000000000', 1, 4, -62, -37]
['525049494F5400000000000000000000', 1, 4, -62, -38]
['525049494F5400000000000000000000', 1, 4, -62, -52]
['525049494F5400000000000000000000', 1, 4, -62, -35]
['525049494F5400000000000000000000', 1, 4, -62, -39]
['525049494F5400000000000000000000', 1, 4, -62, -36]
['D3FD962B2D8C1EB5E5C028F993D6D8B1', 22024, 45914, 54, -56]
['525049494F5400000000000000000000', 1, 4, -62, -54]
['525049494F5400000000000000000000', 1, 4, -62, -35]
['525049494F5400000000000000000000', 1, 4, -62, -37]
['525049494F5400000000000000000000', 1, 4, -62, -48]
['D3FD962B2D8C1EB5E5C028F993D6D8B1', 22024, 45914, 54, -38]
['525049494F5400000000000000000000', 1, 4, -62, -67]
['525049494F5400000000000000000000', 1, 4, -62, -38]
['0613FF4C000C0E00E690CCC011349A31', 64300, 3068, 31, -90]
['525049494F5400000000000000000000', 1, 4, -62, -52]
['01000038AE217F66A80B02010607FF4C', 16, 523, 0, -103]
['525049494F5400000000000000000000', 1, 4, -62, -38]
['D3FD962B2D8C1EB5E5C028F993D6D8B1', 22024, 45914, 54, -38]
['525049494F5400000000000000000000', 1, 4, -62, -54]
['525049494F5400000000000000000000', 1, 4, -62, -36]
['525049494F5400000000000000000000', 1, 4, -62, -55]
['525049494F5400000000000000000000', 1, 4, -62, -54]
['525049494F5400000000000000000000', 1, 4, -62, -35]
['525049494F5400000000000000000000', 1, 4, -62, -55]
['525049494F5400000000000000000000', 1, 4, -62, -35]
['525049494F5400000000000000000000', 1, 4, -62, -54]
['525049494F5400000000000000000000', 1, 4, -62, -37]
['525049494F5400000000000000000000', 1, 4, -62, -38]
['525049494F5400000000000000000000', 1, 4, -62, -54]
['D3FD962B2D8C1EB5E5C028F993D6D8B1', 22024, 45914, 54, -48]
['01000038AE217F66A80B02010607FF4C', 16, 523, 0, -94]
['525049494F5400000000000000000000', 1, 4, -62, -35]
['525049494F5400000000000000000000', 1, 4, -62, -55]
['525049494F5400000000000000000000', 1, 4, -62, -55]
['525049494F5400000000000000000000', 1, 4, -62, -54]
['D3FD962B2D8C1EB5E5C028F993D6D8B1', 22024, 45914, 54, -38]
['525049494F5400000000000000000000', 1, 4, -62, -35]
['525049494F5400000000000000000000', 1, 4, -62, -35]
['525049494F5400000000000000000000', 1, 4, -62, -52]
['D3FD962B2D8C1EB5E5C028F993D6D8B1', 22024, 45914, 54, -37]
['525049494F5400000000000000000000', 1, 4, -62, -35]
['525049494F5400000000000000000000', 1, 4, -62, -37]
['525049494F5400000000000000000000', 1, 4, -62, -38]
['525049494F5400000000000000000000', 1, 4, -62, -35]
['525049494F5400000000000000000000', 1, 4, -62, -38]
['525049494F5400000000000000000000', 1, 4, -62, -35]
['D3FD962B2D8C1EB5E5C028F993D6D8B1', 22024, 45914, 54, -51]
['525049494F5400000000000000000000', 1, 4, -62, -39]
['525049494F5400000000000000000000', 1, 4, -62, -38]
['525049494F5400000000000000000000', 1, 4, -62, -35]
['010001809D403BB4660B02011A07FF4C', 16, 523, 0, -93]
['525049494F5400000000000000000000', 1, 4, -62, -52]
['525049494F5400000000000000000000', 1, 4, -62, -35]
['525049494F5400000000000000000000', 1, 4, -62, -52]
['D3FD962B2D8C1EB5E5C028F993D6D8B1', 22024, 45914, 54, -35]
['525049494F5400000000000000000000', 1, 4, -62, -35]
['0613FF4C000C0E00E690CCC011349A31', 64300, 3068, 31, -91]
['525049494F5400000000000000000000', 1, 4, -62, -52]
['01000038AE217F66A80B02010607FF4C', 16, 523, 0, -89]
['525049494F5400000000000000000000', 1, 4, -62, -35]
['525049494F5400000000000000000000', 1, 4, -62, -51]
['01000038AE217F66A80B02010607FF4C', 16, 523, 0, -90]
['525049494F5400000000000000000000', 1, 4, -62, -56]
['010001809D403BB4660B02011A07FF4C', 16, 523, 0, -93]
['525049494F5400000000000000000000', 1, 4, -62, -39]
['D3FD962B2D8C1EB5E5C028F993D6D8B1', 22024, 45914, 54, -35]
['525049494F5400000000000000000000', 1, 4, -62, -39]
['525049494F5400000000000000000000', 1, 4, -62, -52]
['525049494F5400000000000000000000', 1, 4, -62, -35]
['525049494F5400000000000000000000', 1, 4, -62, -35]
['525049494F5400000000000000000000', 1, 4, -62, -54]
['525049494F5400000000000000000000', 1, 4, -62, -35]
['525049494F5400000000000000000000', 1, 4, -62, -37]
['525049494F5400000000000000000000', 1, 4, -62, -55]
['01000038AE217F66A80B02010607FF4C', 16, 523, 0, -93]
['525049494F5400000000000000000000', 1, 4, -62, -54]
['01000038AE217F66A80B02010607FF4C', 16, 523, 0, -89]
['D3FD962B2D8C1EB5E5C028F993D6D8B1', 22024, 45914, 54, -37]
['525049494F5400000000000000000000', 1, 4, -62, -35]

