['525049494F5400000000000000000000', 1, 4, -62, -61]
['525049494F5400000000000000000000', 1, 4, -62, -43]
['525049494F5400000000000000000000', 1, 4, -62, -61]
['525049494F5400000000000000000000', 1, 4, -62, -43]
['525049494F5400000000000000000000', 1, 4, -62, -46]
['525049494F5400000000000000000000', 1, 4, -62, -59]
['525049494F5400000000000000000000', 1, 4, -62, -46]
['D3FD962B2D8C1EB5E5C028F993D6D8B1', 22024, 45914, 54, -46]
['525049494F5400000000000000000000', 1, 4, -62, -46]
['525049494F5400000000000000000000', 1, 4, -62, -59]
['525049494F5400000000000000000000', 1, 4, -62, -46]
['525049494F5400000000000000000000', 1, 4, -62, -60]
['525049494F5400000000000000000000', 1, 4, -62, -46]
['525049494F5400000000000000000000', 1, 4, -62, -59]
['D3FD962B2D8C1EB5E5C028F993D6D8B1', 22024, 45914, 54, -60]
['525049494F5400000000000000000000', 1, 4, -62, -42]
['525049494F5400000000000000000000', 1, 4, -62, -60]
['525049494F5400000000000000000000', 1, 4, -62, -42]
['525049494F5400000000000000000000', 1, 4, -62, -61]
['525049494F5400000000000000000000', 1, 4, -62, -42]
['525049494F5400000000000000000000', 1, 4, -62, -59]
['D3FD962B2D8C1EB5E5C028F993D6D8B1', 22024, 45914, 54, -43]
['525049494F5400000000000000000000', 1, 4, -62, -46]
['525049494F5400000000000000000000', 1, 4, -62, -60]
['525049494F5400000000000000000000', 1, 4, -62, -46]
['525049494F5400000000000000000000', 1, 4, -62, -59]
['525049494F5400000000000000000000', 1, 4, -62, -46]
['525049494F5400000000000000000000', 1, 4, -62, -45]
['D3FD962B2D8C1EB5E5C028F993D6D8B1', 22024, 45914, 54, -46]
['525049494F5400000000000000000000', 1, 4, -62, -43]
['525049494F5400000000000000000000', 1, 4, -62, -46]
['525049494F5400000000000000000000', 1, 4, -62, -43]
['525049494F5400000000000000000000', 1, 4, -62, -46]
['525049494F5400000000000000000000', 1, 4, -62, -46]
['D3FD962B2D8C1EB5E5C028F993D6D8B1', 22024, 45914, 54, -60]
['525049494F5400000000000000000000', 1, 4, -62, -43]
['525049494F5400000000000000000000', 1, 4, -62, -46]
['525049494F5400000000000000000000', 1, 4, -62, -60]
['525049494F5400000000000000000000', 1, 4, -62, -60]
['525049494F5400000000000000000000', 1, 4, -62, -44]
['525049494F5400000000000000000000', 1, 4, -62, -60]
['D3FD962B2D8C1EB5E5C028F993D6D8B1', 22024, 45914, 54, -43]
['525049494F5400000000000000000000', 1, 4, -62, -43]
['525049494F5400000000000000000000', 1, 4, -62, -60]
['525049494F5400000000000000000000', 1, 4, -62, -43]
['525049494F5400000000000000000000', 1, 4, -62, -46]
['525049494F5400000000000000000000', 1, 4, -62, -46]
['D3FD962B2D8C1EB5E5C028F993D6D8B1', 22024, 45914, 54, -45]
['525049494F5400000000000000000000', 1, 4, -62, -43]
['525049494F5400000000000000000000', 1, 4, -62, -46]
['525049494F5400000000000000000000', 1, 4, -62, -59]
['525049494F5400000000000000000000', 1, 4, -62, -44]
['525049494F5400000000000000000000', 1, 4, -62, -60]
['D3FD962B2D8C1EB5E5C028F993D6D8B1', 22024, 45914, 54, -59]
['525049494F5400000000000000000000', 1, 4, -62, -43]
['525049494F5400000000000000000000', 1, 4, -62, -61]
['525049494F5400000000000000000000', 1, 4, -62, -43]
['525049494F5400000000000000000000', 1, 4, -62, -61]
['525049494F5400000000000000000000', 1, 4, -62, -46]
['D3FD962B2D8C1EB5E5C028F993D6D8B1', 22024, 45914, 54, -46]
['525049494F5400000000000000000000', 1, 4, -62, -45]
['525049494F5400000000000000000000', 1, 4, -62, -46]
['525049494F5400000000000000000000', 1, 4, -62, -45]
['525049494F5400000000000000000000', 1, 4, -62, -46]
['525049494F5400000000000000000000', 1, 4, -62, -66]
['525049494F5400000000000000000000', 1, 4, -62, -46]
['525049494F5400000000000000000000', 1, 4, -62, -43]
['525049494F5400000000000000000000', 1, 4, -62, -46]
['525049494F5400000000000000000000', 1, 4, -62, -43]
['525049494F5400000000000000000000', 1, 4, -62, -67]
['525049494F5400000000000000000000', 1, 4, -62, -46]
['525049494F5400000000000000000000', 1, 4, -62, -45]
['525049494F5400000000000000000000', 1, 4, -62, -59]
['D3FD962B2D8C1EB5E5C028F993D6D8B1', 22024, 45914, 54, -43]
['525049494F5400000000000000000000', 1, 4, -62, -46]
['525049494F5400000000000000000000', 1, 4, -62, -46]
['525049494F5400000000000000000000', 1, 4, -62, -60]
['525049494F5400000000000000000000', 1, 4, -62, -46]
['525049494F5400000000000000000000', 1, 4, -62, -43]
['525049494F5400000000000000000000', 1, 4, -62, -46]
['D3FD962B2D8C1EB5E5C028F993D6D8B1', 22024, 45914, 54, -60]
['525049494F5400000000000000000000', 1, 4, -62, -46]
['525049494F5400000000000000000000', 1, 4, -62, -60]
['0201020303BEFE0DFF10014012014138', 51930, 15963, 68, -93]
['525049494F5400000000000000000000', 1, 4, -62, -46]
['525049494F5400000000000000000000', 1, 4, -62, -59]
['525049494F5400000000000000000000', 1, 4, -62, -46]
['525049494F5400000000000000000000', 1, 4, -62, -61]
['D3FD962B2D8C1EB5E5C028F993D6D8B1', 22024, 45914, 54, -46]
['525049494F5400000000000000000000', 1, 4, -62, -46]
['0201020303BEFE0DFF10014012014138', 51930, 15963, 68, -92]
['525049494F5400000000000000000000', 1, 4, -62, -61]
['525049494F5400000000000000000000', 1, 4, -62, -46]
['525049494F5400000000000000000000', 1, 4, -62, -43]
['525049494F5400000000000000000000', 1, 4, -62, -46]
['525049494F5400000000000000000000', 1, 4, -62, -59]
['0201020303BEFE0DFF10014012014138', 51930, 15963, 68, -88]
['525049494F5400000000000000000000', 1, 4, -62, -46]
['525049494F5400000000000000000000', 1, 4, -62, -60]
['525049494F5400000000000000000000', 1, 4, -62, -46]
['525049494F5400000000000000000000', 1, 4, -62, -59]
['525049494F5400000000000000000000', 1, 4, -62, -43]
['525049494F5400000000000000000000', 1, 4, -62, -61]
['525049494F5400000000000000000000', 1, 4, -62, -43]
['D3FD962B2D8C1EB5E5C028F993D6D8B1', 22024, 45914, 54, -43]
['525049494F5400000000000000000000', 1, 4, -62, -60]
['525049494F5400000000000000000000', 1, 4, -62, -46]
['525049494F5400000000000000000000', 1, 4, -62, -43]
['525049494F5400000000000000000000', 1, 4, -62, -60]
['0201020303BEFE0DFF10014012014138', 51930, 15963, 68, -89]
['525049494F5400000000000000000000', 1, 4, -62, -43]
['525049494F5400000000000000000000', 1, 4, -62, -60]
['D3FD962B2D8C1EB5E5C028F993D6D8B1', 22024, 45914, 54, -46]
['525049494F5400000000000000000000', 1, 4, -62, -43]
['525049494F5400000000000000000000', 1, 4, -62, -46]
['525049494F5400000000000000000000', 1, 4, -62, -46]
['525049494F5400000000000000000000', 1, 4, -62, -60]
['525049494F5400000000000000000000', 1, 4, -62, -59]
['D3FD962B2D8C1EB5E5C028F993D6D8B1', 22024, 45914, 54, -59]
['525049494F5400000000000000000000', 1, 4, -62, -46]
['525049494F5400000000000000000000', 1, 4, -62, -59]
['525049494F5400000000000000000000', 1, 4, -62, -43]
['525049494F5400000000000000000000', 1, 4, -62, -60]
['525049494F5400000000000000000000', 1, 4, -62, -43]
['525049494F5400000000000000000000', 1, 4, -62, -60]
['D3FD962B2D8C1EB5E5C028F993D6D8B1', 22024, 45914, 54, -46]
['525049494F5400000000000000000000', 1, 4, -62, -43]
['525049494F5400000000000000000000', 1, 4, -62, -42]
['525049494F5400000000000000000000', 1, 4, -62, -61]
['525049494F5400000000000000000000', 1, 4, -62, -43]
['525049494F5400000000000000000000', 1, 4, -62, -46]
['525049494F5400000000000000000000', 1, 4, -62, -60]
['D3FD962B2D8C1EB5E5C028F993D6D8B1', 22024, 45914, 54, -46]
['525049494F5400000000000000000000', 1, 4, -62, -43]
['525049494F5400000000000000000000', 1, 4, -62, -61]
['525049494F5400000000000000000000', 1, 4, -62, -60]
['525049494F5400000000000000000000', 1, 4, -62, -75]
['D3FD962B2D8C1EB5E5C028F993D6D8B1', 22024, 45914, 54, -74]
['525049494F5400000000000000000000', 1, 4, -62, -46]
['525049494F5400000000000000000000', 1, 4, -62, -44]
['525049494F5400000000000000000000', 1, 4, -62, -55]
['525049494F5400000000000000000000', 1, 4, -62, -46]
['525049494F5400000000000000000000', 1, 4, -62, -59]
['D3FD962B2D8C1EB5E5C028F993D6D8B1', 22024, 45914, 54, -46]
['525049494F5400000000000000000000', 1, 4, -62, -46]
['525049494F5400000000000000000000', 1, 4, -62, -61]
['525049494F5400000000000000000000', 1, 4, -62, -45]
['525049494F5400000000000000000000', 1, 4, -62, -61]
['525049494F5400000000000000000000', 1, 4, -62, -46]
['D3FD962B2D8C1EB5E5C028F993D6D8B1', 22024, 45914, 54, -46]
['525049494F5400000000000000000000', 1, 4, -62, -59]
['525049494F5400000000000000000000', 1, 4, -62, -46]
['525049494F5400000000000000000000', 1, 4, -62, -59]
['525049494F5400000000000000000000', 1, 4, -62, -46]
['525049494F5400000000000000000000', 1, 4, -62, -60]
['525049494F5400000000000000000000', 1, 4, -62, -61]
['525049494F5400000000000000000000', 1, 4, -62, -43]
['525049494F5400000000000000000000', 1, 4, -62, -46]
['525049494F5400000000000000000000', 1, 4, -62, -59]
['525049494F5400000000000000000000', 1, 4, -62, -45]
['525049494F5400000000000000000000', 1, 4, -62, -59]
['525049494F5400000000000000000000', 1, 4, -62, -46]
['D3FD962B2D8C1EB5E5C028F993D6D8B1', 22024, 45914, 54, -43]
['525049494F5400000000000000000000', 1, 4, -62, -61]
['525049494F5400000000000000000000', 1, 4, -62, -45]
['525049494F5400000000000000000000', 1, 4, -62, -61]
['525049494F5400000000000000000000', 1, 4, -62, -45]
['525049494F5400000000000000000000', 1, 4, -62, -45]
['D3FD962B2D8C1EB5E5C028F993D6D8B1', 22024, 45914, 54, -60]
['525049494F5400000000000000000000', 1, 4, -62, -61]
['525049494F5400000000000000000000', 1, 4, -62, -43]
['525049494F5400000000000000000000', 1, 4, -62, -59]
['525049494F5400000000000000000000', 1, 4, -62, -42]
['525049494F5400000000000000000000', 1, 4, -62, -59]
['525049494F5400000000000000000000', 1, 4, -62, -61]
['D3FD962B2D8C1EB5E5C028F993D6D8B1', 22024, 45914, 54, -59]
['525049494F5400000000000000000000', 1, 4, -62, -60]
['525049494F5400000000000000000000', 1, 4, -62, -43]
['525049494F5400000000000000000000', 1, 4, -62, -46]
['525049494F5400000000000000000000', 1, 4, -62, -42]
['525049494F5400000000000000000000', 1, 4, -62, -46]
['525049494F5400000000000000000000', 1, 4, -62, -60]
['D3FD962B2D8C1EB5E5C028F993D6D8B1', 22024, 45914, 54, -46]
['525049494F5400000000000000000000', 1, 4, -62, -46]
['525049494F5400000000000000000000', 1, 4, -62, -46]
['525049494F5400000000000000000000', 1, 4, -62, -46]
['525049494F5400000000000000000000', 1, 4, -62, -43]
['525049494F5400000000000000000000', 1, 4, -62, -46]
['D3FD962B2D8C1EB5E5C028F993D6D8B1', 22024, 45914, 54, -67]
['525049494F5400000000000000000000', 1, 4, -62, -46]
['525049494F5400000000000000000000', 1, 4, -62, -59]
['525049494F5400000000000000000000', 1, 4, -62, -46]
['525049494F5400000000000000000000', 1, 4, -62, -60]
['525049494F5400000000000000000000', 1, 4, -62, -44]
['D3FD962B2D8C1EB5E5C028F993D6D8B1', 22024, 45914, 54, -46]
['525049494F5400000000000000000000', 1, 4, -62, -61]
['525049494F5400000000000000000000', 1, 4, -62, -60]
['525049494F5400000000000000000000', 1, 4, -62, -46]
['525049494F5400000000000000000000', 1, 4, -62, -46]
['D3FD962B2D8C1EB5E5C028F993D6D8B1', 22024, 45914, 54, -60]
['525049494F5400000000000000000000', 1, 4, -62, -59]
['525049494F5400000000000000000000', 1, 4, -62, -46]
['525049494F5400000000000000000000', 1, 4, -62, -60]
['525049494F5400000000000000000000', 1, 4, -62, -46]
['525049494F5400000000000000000000', 1, 4, -62, -59]
['0201020303BEFE0DFF10014012014138', 51930, 15963, 68, -87]
['525049494F5400000000000000000000', 1, 4, -62, -60]
['D3FD962B2D8C1EB5E5C028F993D6D8B1', 22024, 45914, 54, -61]
['525049494F5400000000000000000000', 1, 4, -62, -46]
['525049494F5400000000000000000000', 1, 4, -62, -60]
['525049494F5400000000000000000000', 1, 4, -62, -42]

