['525049494F5400000000000000000000', 1, 4, -62, -50]
['525049494F5400000000000000000000', 1, 4, -62, -68]
['525049494F5400000000000000000000', 1, 4, -62, -45]
['D3FD962B2D8C1EB5E5C028F993D6D8B1', 22024, 45914, 54, -45]
['525049494F5400000000000000000000', 1, 4, -62, -69]
['525049494F5400000000000000000000', 1, 4, -62, -45]
['525049494F5400000000000000000000', 1, 4, -62, -68]
['525049494F5400000000000000000000', 1, 4, -62, -45]
['525049494F5400000000000000000000', 1, 4, -62, -68]
['525049494F5400000000000000000000', 1, 4, -62, -50]
['525049494F5400000000000000000000', 1, 4, -62, -45]
['D3FD962B2D8C1EB5E5C028F993D6D8B1', 22024, 45914, 54, -45]
['525049494F5400000000000000000000', 1, 4, -62, -52]
['525049494F5400000000000000000000', 1, 4, -62, -45]
['525049494F5400000000000000000000', 1, 4, -62, -52]
['525049494F5400000000000000000000', 1, 4, -62, -59]
['525049494F5400000000000000000000', 1, 4, -62, -59]
['D3FD962B2D8C1EB5E5C028F993D6D8B1', 22024, 45914, 54, -52]
['525049494F5400000000000000000000', 1, 4, -62, -50]
['525049494F5400000000000000000000', 1, 4, -62, -59]
['525049494F5400000000000000000000', 1, 4, -62, -52]
['525049494F5400000000000000000000', 1, 4, -62, -45]
['525049494F5400000000000000000000', 1, 4, -62, -67]
['525049494F5400000000000000000000', 1, 4, -62, -50]
['D3FD962B2D8C1EB5E5C028F993D6D8B1', 22024, 45914, 54, -68]
['525049494F5400000000000000000000', 1, 4, -62, -58]
['525049494F5400000000000000000000', 1, 4, -62, -50]
['525049494F5400000000000000000000', 1, 4, -62, -60]
['525049494F5400000000000000000000', 1, 4, -62, -50]
['525049494F5400000000000000000000', 1, 4, -62, -67]
['525049494F5400000000000000000000', 1, 4, -62, -54]
['D3FD962B2D8C1EB5E5C028F993D6D8B1', 22024, 45914, 54, -50]
['525049494F5400000000000000000000', 1, 4, -62, -45]
['525049494F5400000000000000000000', 1, 4, -62, -50]
['525049494F5400000000000000000000', 1, 4, -62, -45]
['525049494F5400000000000000000000', 1, 4, -62, -50]
['D3FD962B2D8C1EB5E5C028F993D6D8B1', 22024, 45914, 54, -64]
['525049494F5400000000000000000000', 1, 4, -62, -67]
['525049494F5400000000000000000000', 1, 4, -62, -50]
['525049494F5400000000000000000000', 1, 4, -62, -68]
['525049494F5400000000000000000000', 1, 4, -62, -45]
['525049494F5400000000000000000000', 1, 4, -62, -64]
['525049494F5400000000000000000000', 1, 4, -62, -45]
['525049494F5400000000000000000000', 1, 4, -62, -64]
['D3FD962B2D8C1EB5E5C028F993D6D8B1', 22024, 45914, 54, -45]
['525049494F5400000000000000000000', 1, 4, -62, -45]
['525049494F5400000000000000000000', 1, 4, -62, -65]
['525049494F5400000000000000000000', 1, 4, -62, -52]
['525049494F5400000000000000000000', 1, 4, -62, -58]
['525049494F5400000000000000000000', 1, 4, -62, -52]
['525049494F5400000000000000000000', 1, 4, -62, -60]
['D3FD962B2D8C1EB5E5C028F993D6D8B1', 22024, 45914, 54, -52]
['525049494F5400000000000000000000', 1, 4, -62, -52]
['525049494F5400000000000000000000', 1, 4, -62, -63]
['525049494F5400000000000000000000', 1, 4, -62, -45]
['D3FD962B2D8C1EB5E5C028F993D6D8B1', 22024, 45914, 54, -50]
['525049494F5400000000000000000000', 1, 4, -62, -52]
['525049494F5400000000000000000000', 1, 4, -62, -43]
['525049494F5400000000000000000000', 1, 4, -62, -65]
['525049494F5400000000000000000000', 1, 4, -62, -72]
['525049494F5400000000000000000000', 1, 4, -62, -65]
['525049494F5400000000000000000000', 1, 4, -62, -45]
['D3FD962B2D8C1EB5E5C028F993D6D8B1', 22024, 45914, 54, -64]
['525049494F5400000000000000000000', 1, 4, -62, -63]
['525049494F5400000000000000000000', 1, 4, -62, -46]
['525049494F5400000000000000000000', 1, 4, -62, -68]
['525049494F5400000000000000000000', 1, 4, -62, -46]
['525049494F5400000000000000000000', 1, 4, -62, -52]
['525049494F5400000000000000000000', 1, 4, -62, -50]
['525049494F5400000000000000000000', 1, 4, -62, -45]
['D3FD962B2D8C1EB5E5C028F993D6D8B1', 22024, 45914, 54, -59]
['525049494F5400000000000000000000', 1, 4, -62, -49]
['525049494F5400000000000000000000', 1, 4, -62, -52]
['525049494F5400000000000000000000', 1, 4, -62, -60]
['525049494F5400000000000000000000', 1, 4, -62, -51]
['525049494F5400000000000000000000', 1, 4, -62, -58]
['525049494F5400000000000000000000', 1, 4, -62, -52]
['D3FD962B2D8C1EB5E5C028F993D6D8B1', 22024, 45914, 54, -68]
['525049494F5400000000000000000000', 1, 4, -62, -65]
['525049494F5400000000000000000000', 1, 4, -62, -65]
['525049494F5400000000000000000000', 1, 4, -62, -51]
['525049494F5400000000000000000000', 1, 4, -62, -58]
['525049494F5400000000000000000000', 1, 4, -62, -52]
['D3FD962B2D8C1EB5E5C028F993D6D8B1', 22024, 45914, 54, -64]
['525049494F5400000000000000000000', 1, 4, -62, -65]
['525049494F5400000000000000000000', 1, 4, -62, -52]
['525049494F5400000000000000000000', 1, 4, -62, -58]
['525049494F5400000000000000000000', 1, 4, -62, -52]
['525049494F5400000000000000000000', 1, 4, -62, -45]
['525049494F5400000000000000000000', 1, 4, -62, -52]
['D3FD962B2D8C1EB5E5C028F993D6D8B1', 22024, 45914, 54, -50]
['525049494F5400000000000000000000', 1, 4, -62, -45]
['525049494F5400000000000000000000', 1, 4, -62, -52]
['525049494F5400000000000000000000', 1, 4, -62, -45]
['525049494F5400000000000000000000', 1, 4, -62, -52]
['525049494F5400000000000000000000', 1, 4, -62, -45]
['525049494F5400000000000000000000', 1, 4, -62, -65]
['D3FD962B2D8C1EB5E5C028F993D6D8B1', 22024, 45914, 54, -54]
['525049494F5400000000000000000000', 1, 4, -62, -65]
['525049494F5400000000000000000000', 1, 4, -62, -66]
['525049494F5400000000000000000000', 1, 4, -62, -60]
['525049494F5400000000000000000000', 1, 4, -62, -50]
['525049494F5400000000000000000000', 1, 4, -62, -58]
['525049494F5400000000000000000000', 1, 4, -62, -52]
['D3FD962B2D8C1EB5E5C028F993D6D8B1', 22024, 45914, 54, -67]
['525049494F5400000000000000000000', 1, 4, -62, -59]
['525049494F5400000000000000000000', 1, 4, -62, -50]
['525049494F5400000000000000000000', 1, 4, -62, -52]
['525049494F5400000000000000000000', 1, 4, -62, -45]
['525049494F5400000000000000000000', 1, 4, -62, -52]
['525049494F5400000000000000000000', 1, 4, -62, -45]
['D3FD962B2D8C1EB5E5C028F993D6D8B1', 22024, 45914, 54, -52]
['525049494F5400000000000000000000', 1, 4, -62, -50]
['525049494F5400000000000000000000', 1, 4, -62, -69]
['525049494F5400000000000000000000', 1, 4, -62, -45]
['525049494F5400000000000000000000', 1, 4, -62, -68]
['525049494F5400000000000000000000', 1, 4, -62, -68]
['525049494F5400000000000000000000', 1, 4, -62, -45]
['525049494F5400000000000000000000', 1, 4, -62, -63]
['525049494F5400000000000000000000', 1, 4, -62, -58]
['525049494F5400000000000000000000', 1, 4, -62, -50]
['525049494F5400000000000000000000', 1, 4, -62, -68]
['525049494F5400000000000000000000', 1, 4, -62, -50]
['D3FD962B2D8C1EB5E5C028F993D6D8B1', 22024, 45914, 54, -45]
['525049494F5400000000000000000000', 1, 4, -62, -50]
['525049494F5400000000000000000000', 1, 4, -62, -67]
['525049494F5400000000000000000000', 1, 4, -62, -50]
['525049494F5400000000000000000000', 1, 4, -62, -50]
['525049494F5400000000000000000000', 1, 4, -62, -45]
['D3FD962B2D8C1EB5E5C028F993D6D8B1', 22024, 45914, 54, -52]
['525049494F5400000000000000000000', 1, 4, -62, -63]
['525049494F5400000000000000000000', 1, 4, -62, -45]
['525049494F5400000000000000000000', 1, 4, -62, -65]
['525049494F5400000000000000000000', 1, 4, -62, -45]
['525049494F5400000000000000000000', 1, 4, -62, -65]
['525049494F5400000000000000000000', 1, 4, -62, -52]
['D3FD962B2D8C1EB5E5C028F993D6D8B1', 22024, 45914, 54, -51]
['525049494F5400000000000000000000', 1, 4, -62, -65]
['525049494F5400000000000000000000', 1, 4, -62, -63]
['525049494F5400000000000000000000', 1, 4, -62, -63]
['525049494F5400000000000000000000', 1, 4, -62, -45]
['D3FD962B2D8C1EB5E5C028F993D6D8B1', 22024, 45914, 54, -45]
['525049494F5400000000000000000000', 1, 4, -62, -64]
['525049494F5400000000000000000000', 1, 4, -62, -45]
['525049494F5400000000000000000000', 1, 4, -62, -68]
['525049494F5400000000000000000000', 1, 4, -62, -45]
['525049494F5400000000000000000000', 1, 4, -62, -68]
['525049494F5400000000000000000000', 1, 4, -62, -50]
['D3FD962B2D8C1EB5E5C028F993D6D8B1', 22024, 45914, 54, -60]
['525049494F5400000000000000000000', 1, 4, -62, -50]
['525049494F5400000000000000000000', 1, 4, -62, -68]
['525049494F5400000000000000000000', 1, 4, -62, -45]
['525049494F5400000000000000000000', 1, 4, -62, -68]
['010001920C6C5F77440B02010607FF4C', 16, 523, 0, -94]
['525049494F5400000000000000000000', 1, 4, -62, -50]
['525049494F5400000000000000000000', 1, 4, -62, -68]
['D3FD962B2D8C1EB5E5C028F993D6D8B1', 22024, 45914, 54, -45]
['525049494F5400000000000000000000', 1, 4, -62, -50]
['525049494F5400000000000000000000', 1, 4, -62, -67]
['525049494F5400000000000000000000', 1, 4, -62, -50]
['525049494F5400000000000000000000', 1, 4, -62, -68]
['525049494F5400000000000000000000', 1, 4, -62, -50]
['525049494F5400000000000000000000', 1, 4, -62, -59]
['D3FD962B2D8C1EB5E5C028F993D6D8B1', 22024, 45914, 54, -69]
['525049494F5400000000000000000000', 1, 4, -62, -50]
['525049494F5400000000000000000000', 1, 4, -62, -67]
['525049494F5400000000000000000000', 1, 4, -62, -50]
['525049494F5400000000000000000000', 1, 4, -62, -68]
['525049494F5400000000000000000000', 1, 4, -62, -45]
['525049494F5400000000000000000000', 1, 4, -62, -68]
['D3FD962B2D8C1EB5E5C028F993D6D8B1', 22024, 45914, 54, -65]
['525049494F5400000000000000000000', 1, 4, -62, -46]
['525049494F5400000000000000000000', 1, 4, -62, -67]
['525049494F5400000000000000000000', 1, 4, -62, -45]
['525049494F5400000000000000000000', 1, 4, -62, -68]
['525049494F5400000000000000000000', 1, 4, -62, -46]
['D3FD962B2D8C1EB5E5C028F993D6D8B1', 22024, 45914, 54, -45]
['525049494F5400000000000000000000', 1, 4, -62, -72]
['010001920C6C5F77440B02010607FF4C', 16, 523, 0, -106]
['525049494F5400000000000000000000', 1, 4, -62, -45]
['525049494F5400000000000000000000', 1, 4, -62, -50]
['525049494F5400000000000000000000', 1, 4, -62, -51]
['525049494F5400000000000000000000', 1, 4, -62, -45]
['525049494F5400000000000000000000', 1, 4, -62, -67]
['D3FD962B2D8C1EB5E5C028F993D6D8B1', 22024, 45914, 54, -60]
['525049494F5400000000000000000000', 1, 4, -62, -45]
['525049494F5400000000000000000000', 1, 4, -62, -69]
['525049494F5400000000000000000000', 1, 4, -62, -45]
['525049494F5400000000000000000000', 1, 4, -62, -68]
['525049494F5400000000000000000000', 1, 4, -62, -45]
['525049494F5400000000000000000000', 1, 4, -62, -64]
['D3FD962B2D8C1EB5E5C028F993D6D8B1', 22024, 45914, 54, -52]
['525049494F5400000000000000000000', 1, 4, -62, -52]
['525049494F5400000000000000000000', 1, 4, -62, -45]
['525049494F5400000000000000000000', 1, 4, -62, -64]
['525049494F5400000000000000000000', 1, 4, -62, -65]
['525049494F5400000000000000000000', 1, 4, -62, -52]
['525049494F5400000000000000000000', 1, 4, -62, -59]
['525049494F5400000000000000000000', 1, 4, -62, -52]
['525049494F5400000000000000000000', 1, 4, -62, -45]
['525049494F5400000000000000000000', 1, 4, -62, -64]
['525049494F5400000000000000000000', 1, 4, -62, -52]
['525049494F5400000000000000000000', 1, 4, -62, -65]
['525049494F5400000000000000000000', 1, 4, -62, -52]
['D3FD962B2D8C1EB5E5C028F993D6D8B1', 22024, 45914, 54, -64]
['525049494F5400000000000000000000', 1, 4, -62, -58]
['525049494F5400000000000000000000', 1, 4, -62, -52]
['525049494F5400000000000000000000', 1, 4, -62, -53]
['525049494F5400000000000000000000', 1, 4, -62, -63]
['525049494F5400000000000000000000', 1, 4, -62, -67]
['D3FD962B2D8C1EB5E5C028F993D6D8B1', 22024, 45914, 54, -45]
['525049494F5400000000000000000000', 1, 4, -62, -45]
['525049494F5400000000000000000000', 1, 4, -62, -66]
['525049494F5400000000000000000000', 1, 4, -62, -63]
['525049494F5400000000000000000000', 1, 4, -62, -63]
['D3FD962B2D8C1EB5E5C028F993D6D8B1', 22024, 45914, 54, -59]
['525049494F5400000000000000000000', 1, 4, -62, -52]
['525049494F5400000000000000000000', 1, 4, -62, -69]
['525049494F5400000000000000000000', 1, 4, -62, -49]
['525049494F5400000000000000000000', 1, 4, -62, -49]
['525049494F5400000000000000000000', 1, 4, -62, -45]
['525049494F5400000000000000000000', 1, 4, -62, -64]
['D3FD962B2D8C1EB5E5C028F993D6D8B1', 22024, 45914, 54, -51]
['525049494F5400000000000000000000', 1, 4, -62, -45]
['525049494F5400000000000000000000', 1, 4, -62, -51]
['525049494F5400000000000000000000', 1, 4, -62, -45]
['525049494F5400000000000000000000', 1, 4, -62, -63]

