['525049494F5400000000000000000000', 1, 4, -62, -65]
['D3FD962B2D8C1EB5E5C028F993D6D8B1', 22024, 45914, 54, -79]
['525049494F5400000000000000000000', 1, 4, -62, -68]
['525049494F5400000000000000000000', 1, 4, -62, -69]
['525049494F5400000000000000000000', 1, 4, -62, -62]
['525049494F5400000000000000000000', 1, 4, -62, -69]
['525049494F5400000000000000000000', 1, 4, -62, -88]
['525049494F5400000000000000000000', 1, 4, -62, -69]
['D3FD962B2D8C1EB5E5C028F993D6D8B1', 22024, 45914, 54, -54]
['525049494F5400000000000000000000', 1, 4, -62, -68]
['525049494F5400000000000000000000', 1, 4, -62, -62]
['525049494F5400000000000000000000', 1, 4, -62, -55]
['525049494F5400000000000000000000', 1, 4, -62, -93]
['525049494F5400000000000000000000', 1, 4, -62, -54]
['525049494F5400000000000000000000', 1, 4, -62, -77]
['525049494F5400000000000000000000', 1, 4, -62, -55]
['525049494F5400000000000000000000', 1, 4, -62, -83]
['525049494F5400000000000000000000', 1, 4, -62, -55]
['525049494F5400000000000000000000', 1, 4, -62, -63]
['525049494F5400000000000000000000', 1, 4, -62, -54]
['525049494F5400000000000000000000', 1, 4, -62, -69]
['D3FD962B2D8C1EB5E5C028F993D6D8B1', 22024, 45914, 54, -70]
['525049494F5400000000000000000000', 1, 4, -62, -64]
['525049494F5400000000000000000000', 1, 4, -62, -54]
['525049494F5400000000000000000000', 1, 4, -62, -62]
['525049494F5400000000000000000000', 1, 4, -62, -54]
['525049494F5400000000000000000000', 1, 4, -62, -54]
['D3FD962B2D8C1EB5E5C028F993D6D8B1', 22024, 45914, 54, -76]
['525049494F5400000000000000000000', 1, 4, -62, -71]
['525049494F5400000000000000000000', 1, 4, -62, -70]
['525049494F5400000000000000000000', 1, 4, -62, -76]
['525049494F5400000000000000000000', 1, 4, -62, -54]
['525049494F5400000000000000000000', 1, 4, -62, -68]
['D3FD962B2D8C1EB5E5C028F993D6D8B1', 22024, 45914, 54, -69]
['525049494F5400000000000000000000', 1, 4, -62, -53]
['525049494F5400000000000000000000', 1, 4, -62, -67]
['525049494F5400000000000000000000', 1, 4, -62, -54]
['525049494F5400000000000000000000', 1, 4, -62, -54]
['525049494F5400000000000000000000', 1, 4, -62, -76]
['525049494F5400000000000000000000', 1, 4, -62, -75]
['525049494F5400000000000000000000', 1, 4, -62, -91]
['525049494F5400000000000000000000', 1, 4, -62, -75]
['525049494F5400000000000000000000', 1, 4, -62, -54]
['D3FD962B2D8C1EB5E5C028F993D6D8B1', 22024, 45914, 54, -82]
['525049494F5400000000000000000000', 1, 4, -62, -82]
['525049494F5400000000000000000000', 1, 4, -62, -68]
['525049494F5400000000000000000000', 1, 4, -62, -66]
['525049494F5400000000000000000000', 1, 4, -62, -62]
['525049494F5400000000000000000000', 1, 4, -62, -67]
['525049494F5400000000000000000000', 1, 4, -62, -65]
['D3FD962B2D8C1EB5E5C028F993D6D8B1', 22024, 45914, 54, -66]
['525049494F5400000000000000000000', 1, 4, -62, -76]
['525049494F5400000000000000000000', 1, 4, -62, -65]
['525049494F5400000000000000000000', 1, 4, -62, -62]
['525049494F5400000000000000000000', 1, 4, -62, -54]
['525049494F5400000000000000000000', 1, 4, -62, -76]
['525049494F5400000000000000000000', 1, 4, -62, -69]
['D3FD962B2D8C1EB5E5C028F993D6D8B1', 22024, 45914, 54, -76]
['525049494F5400000000000000000000', 1, 4, -62, -66]
['525049494F5400000000000000000000', 1, 4, -62, -66]
['525049494F5400000000000000000000', 1, 4, -62, -65]
['525049494F5400000000000000000000', 1, 4, -62, -54]
['525049494F5400000000000000000000', 1, 4, -62, -76]
['D3FD962B2D8C1EB5E5C028F993D6D8B1', 22024, 45914, 54, -54]
['525049494F5400000000000000000000', 1, 4, -62, -54]
['525049494F5400000000000000000000', 1, 4, -62, -66]
['525049494F5400000000000000000000', 1, 4, -62, -54]
['525049494F5400000000000000000000', 1, 4, -62, -76]
['525049494F5400000000000000000000', 1, 4, -62, -54]
['525049494F5400000000000000000000', 1, 4, -62, -76]
['D3FD962B2D8C1EB5E5C028F993D6D8B1', 22024, 45914, 54, -67]
['525049494F5400000000000000000000', 1, 4, -62, -66]
['525049494F5400000000000000000000', 1, 4, -62, -54]
['525049494F5400000000000000000000', 1, 4, -62, -66]
['525049494F5400000000000000000000', 1, 4, -62, -66]
['525049494F5400000000000000000000', 1, 4, -62, -67]
['525049494F5400000000000000000000', 1, 4, -62, -84]
['D3FD962B2D8C1EB5E5C028F993D6D8B1', 22024, 45914, 54, -83]
['525049494F5400000000000000000000', 1, 4, -62, -63]
['525049494F5400000000000000000000', 1, 4, -62, -68]
['525049494F5400000000000000000000', 1, 4, -62, -67]
['525049494F5400000000000000000000', 1, 4, -62, -68]
['525049494F5400000000000000000000', 1, 4, -62, -62]
['D3FD962B2D8C1EB5E5C028F993D6D8B1', 22024, 45914, 54, -82]
['525049494F5400000000000000000000', 1, 4, -62, -68]
['525049494F5400000000000000000000', 1, 4, -62, -67]
['525049494F5400000000000000000000', 1, 4, -62, -67]
['525049494F5400000000000000000000', 1, 4, -62, -65]
['525049494F5400000000000000000000', 1, 4, -62, -68]
['525049494F5400000000000000000000', 1, 4, -62, -68]
['D3FD962B2D8C1EB5E5C028F993D6D8B1', 22024, 45914, 54, -54]
['525049494F5400000000000000000000', 1, 4, -62, -69]
['525049494F5400000000000000000000', 1, 4, -62, -69]
['525049494F5400000000000000000000', 1, 4, -62, -62]
['525049494F5400000000000000000000', 1, 4, -62, -62]
['D3FD962B2D8C1EB5E5C028F993D6D8B1', 22024, 45914, 54, -54]
['525049494F5400000000000000000000', 1, 4, -62, -82]
['525049494F5400000000000000000000', 1, 4, -62, -54]
['525049494F5400000000000000000000', 1, 4, -62, -82]
['525049494F5400000000000000000000', 1, 4, -62, -67]
['525049494F5400000000000000000000', 1, 4, -62, -65]
['525049494F5400000000000000000000', 1, 4, -62, -67]
['525049494F5400000000000000000000', 1, 4, -62, -65]
['525049494F5400000000000000000000', 1, 4, -62, -76]
['525049494F5400000000000000000000', 1, 4, -62, -67]
['525049494F5400000000000000000000', 1, 4, -62, -68]
['525049494F5400000000000000000000', 1, 4, -62, -66]
['D3FD962B2D8C1EB5E5C028F993D6D8B1', 22024, 45914, 54, -81]
['525049494F5400000000000000000000', 1, 4, -62, -76]
['525049494F5400000000000000000000', 1, 4, -62, -54]
['525049494F5400000000000000000000', 1, 4, -62, -76]
['525049494F5400000000000000000000', 1, 4, -62, -69]
['525049494F5400000000000000000000', 1, 4, -62, -76]
['525049494F5400000000000000000000', 1, 4, -62, -66]
['D3FD962B2D8C1EB5E5C028F993D6D8B1', 22024, 45914, 54, -76]
['525049494F5400000000000000000000', 1, 4, -62, -67]
['525049494F5400000000000000000000', 1, 4, -62, -66]
['525049494F5400000000000000000000', 1, 4, -62, -54]
['525049494F5400000000000000000000', 1, 4, -62, -63]
['525049494F5400000000000000000000', 1, 4, -62, -54]
['525049494F5400000000000000000000', 1, 4, -62, -87]
['D3FD962B2D8C1EB5E5C028F993D6D8B1', 22024, 45914, 54, -54]
['525049494F5400000000000000000000', 1, 4, -62, -54]
['525049494F5400000000000000000000', 1, 4, -62, -66]
['525049494F5400000000000000000000', 1, 4, -62, -54]
['525049494F5400000000000000000000', 1, 4, -62, -67]
['525049494F5400000000000000000000', 1, 4, -62, -54]
['525049494F5400000000000000000000', 1, 4, -62, -68]
['D3FD962B2D8C1EB5E5C028F993D6D8B1', 22024, 45914, 54, -64]
['525049494F5400000000000000000000', 1, 4, -62, -66]
['525049494F5400000000000000000000', 1, 4, -62, -67]
['525049494F5400000000000000000000', 1, 4, -62, -68]
['525049494F5400000000000000000000', 1, 4, -62, -64]
['525049494F5400000000000000000000', 1, 4, -62, -68]
['D3FD962B2D8C1EB5E5C028F993D6D8B1', 22024, 45914, 54, -63]
['525049494F5400000000000000000000', 1, 4, -62, -55]
['525049494F5400000000000000000000', 1, 4, -62, -54]
['525049494F5400000000000000000000', 1, 4, -62, -76]
['525049494F5400000000000000000000', 1, 4, -62, -77]
['D3FD962B2D8C1EB5E5C028F993D6D8B1', 22024, 45914, 54, -54]
['525049494F5400000000000000000000', 1, 4, -62, -54]
['525049494F5400000000000000000000', 1, 4, -62, -78]
['525049494F5400000000000000000000', 1, 4, -62, -54]
['525049494F5400000000000000000000', 1, 4, -62, -76]
['525049494F5400000000000000000000', 1, 4, -62, -54]
['525049494F5400000000000000000000', 1, 4, -62, -85]
['525049494F5400000000000000000000', 1, 4, -62, -54]
['525049494F5400000000000000000000', 1, 4, -62, -78]
['525049494F5400000000000000000000', 1, 4, -62, -54]
['525049494F5400000000000000000000', 1, 4, -62, -85]
['525049494F5400000000000000000000', 1, 4, -62, -63]
['525049494F5400000000000000000000', 1, 4, -62, -71]
['D3FD962B2D8C1EB5E5C028F993D6D8B1', 22024, 45914, 54, -83]
['525049494F5400000000000000000000', 1, 4, -62, -78]
['525049494F5400000000000000000000', 1, 4, -62, -54]
['525049494F5400000000000000000000', 1, 4, -62, -76]
['525049494F5400000000000000000000', 1, 4, -62, -54]
['525049494F5400000000000000000000', 1, 4, -62, -76]
['525049494F5400000000000000000000', 1, 4, -62, -76]
['D3FD962B2D8C1EB5E5C028F993D6D8B1', 22024, 45914, 54, -77]
['525049494F5400000000000000000000', 1, 4, -62, -54]
['525049494F5400000000000000000000', 1, 4, -62, -76]
['525049494F5400000000000000000000', 1, 4, -62, -75]
['525049494F5400000000000000000000', 1, 4, -62, -54]
['D3FD962B2D8C1EB5E5C028F993D6D8B1', 22024, 45914, 54, -61]
['525049494F5400000000000000000000', 1, 4, -62, -54]
['525049494F5400000000000000000000', 1, 4, -62, -75]
['525049494F5400000000000000000000', 1, 4, -62, -76]
['525049494F5400000000000000000000', 1, 4, -62, -55]
['525049494F5400000000000000000000', 1, 4, -62, -82]
['D3FD962B2D8C1EB5E5C028F993D6D8B1', 22024, 45914, 54, -75]
['525049494F5400000000000000000000', 1, 4, -62, -54]
['525049494F5400000000000000000000', 1, 4, -62, -66]
['525049494F5400000000000000000000', 1, 4, -62, -54]
['525049494F5400000000000000000000', 1, 4, -62, -84]
['525049494F5400000000000000000000', 1, 4, -62, -54]
['525049494F5400000000000000000000', 1, 4, -62, -67]
['D3FD962B2D8C1EB5E5C028F993D6D8B1', 22024, 45914, 54, -70]
['525049494F5400000000000000000000', 1, 4, -62, -54]
['525049494F5400000000000000000000', 1, 4, -62, -70]
['525049494F5400000000000000000000', 1, 4, -62, -55]
['525049494F5400000000000000000000', 1, 4, -62, -69]
['525049494F5400000000000000000000', 1, 4, -62, -67]
['525049494F5400000000000000000000', 1, 4, -62, -61]
['D3FD962B2D8C1EB5E5C028F993D6D8B1', 22024, 45914, 54, -61]
['525049494F5400000000000000000000', 1, 4, -62, -69]
['525049494F5400000000000000000000', 1, 4, -62, -70]
['525049494F5400000000000000000000', 1, 4, -62, -67]
['525049494F5400000000000000000000', 1, 4, -62, -67]
['525049494F5400000000000000000000', 1, 4, -62, -66]
['525049494F5400000000000000000000', 1, 4, -62, -67]
['525049494F5400000000000000000000', 1, 4, -62, -68]
['525049494F5400000000000000000000', 1, 4, -62, -69]
['525049494F5400000000000000000000', 1, 4, -62, -72]
['525049494F5400000000000000000000', 1, 4, -62, -81]
['525049494F5400000000000000000000', 1, 4, -62, -76]
['525049494F5400000000000000000000', 1, 4, -62, -54]
['525049494F5400000000000000000000', 1, 4, -62, -77]
['525049494F5400000000000000000000', 1, 4, -62, -53]
['525049494F5400000000000000000000', 1, 4, -62, -66]
['525049494F5400000000000000000000', 1, 4, -62, -54]
['525049494F5400000000000000000000', 1, 4, -62, -76]
['D3FD962B2D8C1EB5E5C028F993D6D8B1', 22024, 45914, 54, -67]
['525049494F5400000000000000000000', 1, 4, -62, -54]
['525049494F5400000000000000000000', 1, 4, -62, -75]
['525049494F5400000000000000000000', 1, 4, -62, -55]
['525049494F5400000000000000000000', 1, 4, -62, -76]
['525049494F5400000000000000000000', 1, 4, -62, -75]
['D3FD962B2D8C1EB5E5C028F993D6D8B1', 22024, 45914, 54, -75]
['525049494F5400000000000000000000', 1, 4, -62, -69]
['525049494F5400000000000000000000', 1, 4, -62, -62]
['525049494F5400000000000000000000', 1, 4, -62, -54]
['525049494F5400000000000000000000', 1, 4, -62, -68]
['525049494F5400000000000000000000', 1, 4, -62, -54]
['525049494F5400000000000000000000', 1, 4, -62, -76]
['D3FD962B2D8C1EB5E5C028F993D6D8B1', 22024, 45914, 54, -54]
['525049494F5400000000000000000000', 1, 4, -62, -65]
['525049494F5400000000000000000000', 1, 4, -62, -64]
['525049494F5400000000000000000000', 1, 4, -62, -53]
