['525049494F5400000000000000000000', 1, 4, -62, -66]
['525049494F5400000000000000000000', 1, 4, -62, -80]
['525049494F5400000000000000000000', 1, 4, -62, -86]
['525049494F5400000000000000000000', 1, 4, -62, -52]
['D3FD962B2D8C1EB5E5C028F993D6D8B1', 22024, 45914, 54, -87]
['525049494F5400000000000000000000', 1, 4, -62, -77]
['525049494F5400000000000000000000', 1, 4, -62, -67]
['525049494F5400000000000000000000', 1, 4, -62, -69]
['525049494F5400000000000000000000', 1, 4, -62, -77]
['525049494F5400000000000000000000', 1, 4, -62, -81]
['D3FD962B2D8C1EB5E5C028F993D6D8B1', 22024, 45914, 54, -66]
['525049494F5400000000000000000000', 1, 4, -62, -70]
['525049494F5400000000000000000000', 1, 4, -62, -75]
['525049494F5400000000000000000000', 1, 4, -62, -82]
['525049494F5400000000000000000000', 1, 4, -62, -65]
['525049494F5400000000000000000000', 1, 4, -62, -80]
['525049494F5400000000000000000000', 1, 4, -62, -89]
['D3FD962B2D8C1EB5E5C028F993D6D8B1', 22024, 45914, 54, -86]
['525049494F5400000000000000000000', 1, 4, -62, -52]
['525049494F5400000000000000000000', 1, 4, -62, -69]
['525049494F5400000000000000000000', 1, 4, -62, -52]
['525049494F5400000000000000000000', 1, 4, -62, -87]
['525049494F5400000000000000000000', 1, 4, -62, -70]
['525049494F5400000000000000000000', 1, 4, -62, -80]
['D3FD962B2D8C1EB5E5C028F993D6D8B1', 22024, 45914, 54, -91]
['525049494F5400000000000000000000', 1, 4, -62, -74]
['525049494F5400000000000000000000', 1, 4, -62, -52]
['525049494F5400000000000000000000', 1, 4, -62, -86]
['525049494F5400000000000000000000', 1, 4, -62, -76]
['525049494F5400000000000000000000', 1, 4, -62, -86]
['525049494F5400000000000000000000', 1, 4, -62, -52]
['525049494F5400000000000000000000', 1, 4, -62, -85]
['D3FD962B2D8C1EB5E5C028F993D6D8B1', 22024, 45914, 54, -52]
['525049494F5400000000000000000000', 1, 4, -62, -53]
['525049494F5400000000000000000000', 1, 4, -62, -84]
['525049494F5400000000000000000000', 1, 4, -62, -86]
['525049494F5400000000000000000000', 1, 4, -62, -79]
['D3FD962B2D8C1EB5E5C028F993D6D8B1', 22024, 45914, 54, -52]
['525049494F5400000000000000000000', 1, 4, -62, -83]
['525049494F5400000000000000000000', 1, 4, -62, -77]
['525049494F5400000000000000000000', 1, 4, -62, -65]
['525049494F5400000000000000000000', 1, 4, -62, -88]
['D3FD962B2D8C1EB5E5C028F993D6D8B1', 22024, 45914, 54, -84]
['525049494F5400000000000000000000', 1, 4, -62, -76]
['525049494F5400000000000000000000', 1, 4, -62, -65]
['525049494F5400000000000000000000', 1, 4, -62, -77]
['525049494F5400000000000000000000', 1, 4, -62, -88]
['525049494F5400000000000000000000', 1, 4, -62, -79]
['525049494F5400000000000000000000', 1, 4, -62, -72]
['D3FD962B2D8C1EB5E5C028F993D6D8B1', 22024, 45914, 54, -101]
['525049494F5400000000000000000000', 1, 4, -62, -83]
['525049494F5400000000000000000000', 1, 4, -62, -72]
['525049494F5400000000000000000000', 1, 4, -62, -52]
['525049494F5400000000000000000000', 1, 4, -62, -91]
['525049494F5400000000000000000000', 1, 4, -62, -66]
['525049494F5400000000000000000000', 1, 4, -62, -66]
['525049494F5400000000000000000000', 1, 4, -62, -69]
['525049494F5400000000000000000000', 1, 4, -62, -67]
['525049494F5400000000000000000000', 1, 4, -62, -70]
['525049494F5400000000000000000000', 1, 4, -62, -75]
['525049494F5400000000000000000000', 1, 4, -62, -66]
['525049494F5400000000000000000000', 1, 4, -62, -76]
['525049494F5400000000000000000000', 1, 4, -62, -52]
['525049494F5400000000000000000000', 1, 4, -62, -70]
['525049494F5400000000000000000000', 1, 4, -62, -52]
['525049494F5400000000000000000000', 1, 4, -62, -85]
['525049494F5400000000000000000000', 1, 4, -62, -70]
['D3FD962B2D8C1EB5E5C028F993D6D8B1', 22024, 45914, 54, -85]
['525049494F5400000000000000000000', 1, 4, -62, -69]
['525049494F5400000000000000000000', 1, 4, -62, -67]
['525049494F5400000000000000000000', 1, 4, -62, -73]
['525049494F5400000000000000000000', 1, 4, -62, -67]
['525049494F5400000000000000000000', 1, 4, -62, -67]
['D3FD962B2D8C1EB5E5C028F993D6D8B1', 22024, 45914, 54, -89]
['525049494F5400000000000000000000', 1, 4, -62, -70]
['525049494F5400000000000000000000', 1, 4, -62, -67]
['525049494F5400000000000000000000', 1, 4, -62, -89]
['525049494F5400000000000000000000', 1, 4, -62, -65]
['525049494F5400000000000000000000', 1, 4, -62, -67]
['525049494F5400000000000000000000', 1, 4, -62, -86]
['525049494F5400000000000000000000', 1, 4, -62, -88]
['525049494F5400000000000000000000', 1, 4, -62, -86]
['525049494F5400000000000000000000', 1, 4, -62, -52]
['525049494F5400000000000000000000', 1, 4, -62, -85]
['D3FD962B2D8C1EB5E5C028F993D6D8B1', 22024, 45914, 54, -65]
['525049494F5400000000000000000000', 1, 4, -62, -53]
['525049494F5400000000000000000000', 1, 4, -62, -86]
['525049494F5400000000000000000000', 1, 4, -62, -52]
['525049494F5400000000000000000000', 1, 4, -62, -86]
['525049494F5400000000000000000000', 1, 4, -62, -52]
['525049494F5400000000000000000000', 1, 4, -62, -86]
['D3FD962B2D8C1EB5E5C028F993D6D8B1', 22024, 45914, 54, -70]
['525049494F5400000000000000000000', 1, 4, -62, -89]
['525049494F5400000000000000000000', 1, 4, -62, -89]
['525049494F5400000000000000000000', 1, 4, -62, -85]
['525049494F5400000000000000000000', 1, 4, -62, -88]
['525049494F5400000000000000000000', 1, 4, -62, -86]
['525049494F5400000000000000000000', 1, 4, -62, -52]
['D3FD962B2D8C1EB5E5C028F993D6D8B1', 22024, 45914, 54, -85]
['525049494F5400000000000000000000', 1, 4, -62, -87]
['525049494F5400000000000000000000', 1, 4, -62, -88]
['525049494F5400000000000000000000', 1, 4, -62, -52]
['525049494F5400000000000000000000', 1, 4, -62, -87]
['525049494F5400000000000000000000', 1, 4, -62, -52]
['D3FD962B2D8C1EB5E5C028F993D6D8B1', 22024, 45914, 54, -86]
['525049494F5400000000000000000000', 1, 4, -62, -52]
['525049494F5400000000000000000000', 1, 4, -62, -72]
['525049494F5400000000000000000000', 1, 4, -62, -66]
['D3FD962B2D8C1EB5E5C028F993D6D8B1', 22024, 45914, 54, -67]
['525049494F5400000000000000000000', 1, 4, -62, -70]
['525049494F5400000000000000000000', 1, 4, -62, -66]
['525049494F5400000000000000000000', 1, 4, -62, -87]
['525049494F5400000000000000000000', 1, 4, -62, -67]
['525049494F5400000000000000000000', 1, 4, -62, -88]
['525049494F5400000000000000000000', 1, 4, -62, -67]
['D3FD962B2D8C1EB5E5C028F993D6D8B1', 22024, 45914, 54, -85]
['525049494F5400000000000000000000', 1, 4, -62, -87]
['525049494F5400000000000000000000', 1, 4, -62, -85]
['010001920C6C5F77440B02010607FF4C', 16, 523, 0, -101]
['525049494F5400000000000000000000', 1, 4, -62, -70]
['525049494F5400000000000000000000', 1, 4, -62, -67]
['D3FD962B2D8C1EB5E5C028F993D6D8B1', 22024, 45914, 54, -87]
['525049494F5400000000000000000000', 1, 4, -62, -90]
['525049494F5400000000000000000000', 1, 4, -62, -67]
['525049494F5400000000000000000000', 1, 4, -62, -90]
['525049494F5400000000000000000000', 1, 4, -62, -67]
['525049494F5400000000000000000000', 1, 4, -62, -70]
['D3FD962B2D8C1EB5E5C028F993D6D8B1', 22024, 45914, 54, -52]
['525049494F5400000000000000000000', 1, 4, -62, -70]
['525049494F5400000000000000000000', 1, 4, -62, -70]
['525049494F5400000000000000000000', 1, 4, -62, -67]
['525049494F5400000000000000000000', 1, 4, -62, -70]
['525049494F5400000000000000000000', 1, 4, -62, -67]
['D3FD962B2D8C1EB5E5C028F993D6D8B1', 22024, 45914, 54, -85]
['525049494F5400000000000000000000', 1, 4, -62, -71]
['525049494F5400000000000000000000', 1, 4, -62, -70]
['525049494F5400000000000000000000', 1, 4, -62, -67]
['525049494F5400000000000000000000', 1, 4, -62, -67]
['525049494F5400000000000000000000', 1, 4, -62, -52]
['525049494F5400000000000000000000', 1, 4, -62, -85]
['525049494F5400000000000000000000', 1, 4, -62, -70]
['010001920C6C5F77440B02010607FF4C', 16, 523, 0, -90]
['525049494F5400000000000000000000', 1, 4, -62, -53]
['525049494F5400000000000000000000', 1, 4, -62, -86]
['525049494F5400000000000000000000', 1, 4, -62, -52]
['525049494F5400000000000000000000', 1, 4, -62, -52]
['525049494F5400000000000000000000', 1, 4, -62, -86]
['525049494F5400000000000000000000', 1, 4, -62, -52]
['525049494F5400000000000000000000', 1, 4, -62, -85]
['D3FD962B2D8C1EB5E5C028F993D6D8B1', 22024, 45914, 54, -85]
['525049494F5400000000000000000000', 1, 4, -62, -76]
['525049494F5400000000000000000000', 1, 4, -62, -53]
['525049494F5400000000000000000000', 1, 4, -62, -52]
['525049494F5400000000000000000000', 1, 4, -62, -52]
['525049494F5400000000000000000000', 1, 4, -62, -76]
['525049494F5400000000000000000000', 1, 4, -62, -53]
['D3FD962B2D8C1EB5E5C028F993D6D8B1', 22024, 45914, 54, -65]
['525049494F5400000000000000000000', 1, 4, -62, -52]
['010001920C6C5F77440B02010607FF4C', 16, 523, 0, -100]
['525049494F5400000000000000000000', 1, 4, -62, -69]
['525049494F5400000000000000000000', 1, 4, -62, -52]
['525049494F5400000000000000000000', 1, 4, -62, -69]
['525049494F5400000000000000000000', 1, 4, -62, -52]
['525049494F5400000000000000000000', 1, 4, -62, -74]
['D3FD962B2D8C1EB5E5C028F993D6D8B1', 22024, 45914, 54, -87]
['525049494F5400000000000000000000', 1, 4, -62, -85]
['525049494F5400000000000000000000', 1, 4, -62, -69]
['525049494F5400000000000000000000', 1, 4, -62, -69]
['525049494F5400000000000000000000', 1, 4, -62, -52]
['010001920C6C5F77440B02010607FF4C', 16, 523, 0, -93]
['525049494F5400000000000000000000', 1, 4, -62, -91]
['D3FD962B2D8C1EB5E5C028F993D6D8B1', 22024, 45914, 54, -68]
['525049494F5400000000000000000000', 1, 4, -62, -87]
['525049494F5400000000000000000000', 1, 4, -62, -96]
['010001920C6C5F77440B02010607FF4C', 16, 523, 0, -90]
['525049494F5400000000000000000000', 1, 4, -62, -65]
['525049494F5400000000000000000000', 1, 4, -62, -65]
['525049494F5400000000000000000000', 1, 4, -62, -89]
['525049494F5400000000000000000000', 1, 4, -62, -52]
['525049494F5400000000000000000000', 1, 4, -62, -52]
['525049494F5400000000000000000000', 1, 4, -62, -52]
['D3FD962B2D8C1EB5E5C028F993D6D8B1', 22024, 45914, 54, -52]
['525049494F5400000000000000000000', 1, 4, -62, -84]
['525049494F5400000000000000000000', 1, 4, -62, -77]

