['525049494F5400000000000000000000', 1, 4, -62, -70]
['525049494F5400000000000000000000', 1, 4, -62, -69]
['525049494F5400000000000000000000', 1, 4, -62, -70]
['525049494F5400000000000000000000', 1, 4, -62, -50]
['525049494F5400000000000000000000', 1, 4, -62, -69]
['525049494F5400000000000000000000', 1, 4, -62, -50]
['525049494F5400000000000000000000', 1, 4, -62, -71]
['525049494F5400000000000000000000', 1, 4, -62, -69]
['525049494F5400000000000000000000', 1, 4, -62, -77]
['D3FD962B2D8C1EB5E5C028F993D6D8B1', 22024, 45914, 54, -55]
['525049494F5400000000000000000000', 1, 4, -62, -70]
['525049494F5400000000000000000000', 1, 4, -62, -72]
['525049494F5400000000000000000000', 1, 4, -62, -64]
['525049494F5400000000000000000000', 1, 4, -62, -72]
['525049494F5400000000000000000000', 1, 4, -62, -56]
['525049494F5400000000000000000000', 1, 4, -62, -50]
['D3FD962B2D8C1EB5E5C028F993D6D8B1', 22024, 45914, 54, -80]
['525049494F5400000000000000000000', 1, 4, -62, -69]
['525049494F5400000000000000000000', 1, 4, -62, -51]
['525049494F5400000000000000000000', 1, 4, -62, -76]
['525049494F5400000000000000000000', 1, 4, -62, -56]
['525049494F5400000000000000000000', 1, 4, -62, -75]
['D3FD962B2D8C1EB5E5C028F993D6D8B1', 22024, 45914, 54, -85]
['525049494F5400000000000000000000', 1, 4, -62, -73]
['525049494F5400000000000000000000', 1, 4, -62, -50]
['525049494F5400000000000000000000', 1, 4, -62, -69]
['525049494F5400000000000000000000', 1, 4, -62, -50]
['525049494F5400000000000000000000', 1, 4, -62, -50]
['D3FD962B2D8C1EB5E5C028F993D6D8B1', 22024, 45914, 54, -71]
['525049494F5400000000000000000000', 1, 4, -62, -50]
['525049494F5400000000000000000000', 1, 4, -62, -71]
['525049494F5400000000000000000000', 1, 4, -62, -69]
['525049494F5400000000000000000000', 1, 4, -62, -74]
['D3FD962B2D8C1EB5E5C028F993D6D8B1', 22024, 45914, 54, -69]
['525049494F5400000000000000000000', 1, 4, -62, -90]
['525049494F5400000000000000000000', 1, 4, -62, -50]
['525049494F5400000000000000000000', 1, 4, -62, -92]
['525049494F5400000000000000000000', 1, 4, -62, -50]
['0613FF4C000C0E08EE906BE1AC12B17B', 27744, 14030, 29, -93]
['525049494F5400000000000000000000', 1, 4, -62, -69]
['D3FD962B2D8C1EB5E5C028F993D6D8B1', 22024, 45914, 54, -50]
['525049494F5400000000000000000000', 1, 4, -62, -69]
['525049494F5400000000000000000000', 1, 4, -62, -50]
['525049494F5400000000000000000000', 1, 4, -62, -56]
['525049494F5400000000000000000000', 1, 4, -62, -73]
['525049494F5400000000000000000000', 1, 4, -62, -72]
['D3FD962B2D8C1EB5E5C028F993D6D8B1', 22024, 45914, 54, -76]
['525049494F5400000000000000000000', 1, 4, -62, -51]
['525049494F5400000000000000000000', 1, 4, -62, -69]
['525049494F5400000000000000000000', 1, 4, -62, -71]
['525049494F5400000000000000000000', 1, 4, -62, -70]
['525049494F5400000000000000000000', 1, 4, -62, -69]
['525049494F5400000000000000000000', 1, 4, -62, -51]
['D3FD962B2D8C1EB5E5C028F993D6D8B1', 22024, 45914, 54, -56]
['525049494F5400000000000000000000', 1, 4, -62, -88]
['525049494F5400000000000000000000', 1, 4, -62, -51]
['525049494F5400000000000000000000', 1, 4, -62, -88]
['525049494F5400000000000000000000', 1, 4, -62, -61]
['525049494F5400000000000000000000', 1, 4, -62, -64]
['525049494F5400000000000000000000', 1, 4, -62, -56]
['D3FD962B2D8C1EB5E5C028F993D6D8B1', 22024, 45914, 54, -69]
['525049494F5400000000000000000000', 1, 4, -62, -91]
['525049494F5400000000000000000000', 1, 4, -62, -55]
['525049494F5400000000000000000000', 1, 4, -62, -91]
['525049494F5400000000000000000000', 1, 4, -62, -50]
['01000038AE217F66A80B02010607FF4C', 16, 519, 0, -96]
['525049494F5400000000000000000000', 1, 4, -62, -55]
['525049494F5400000000000000000000', 1, 4, -62, -78]
['525049494F5400000000000000000000', 1, 4, -62, -64]
['525049494F5400000000000000000000', 1, 4, -62, -77]
['525049494F5400000000000000000000', 1, 4, -62, -65]
['525049494F5400000000000000000000', 1, 4, -62, -75]
['525049494F5400000000000000000000', 1, 4, -62, -68]
['525049494F5400000000000000000000', 1, 4, -62, -74]
['525049494F5400000000000000000000', 1, 4, -62, -77]
['525049494F5400000000000000000000', 1, 4, -62, -73]
['525049494F5400000000000000000000', 1, 4, -62, -64]
['525049494F5400000000000000000000', 1, 4, -62, -74]
['525049494F5400000000000000000000', 1, 4, -62, -55]
['525049494F5400000000000000000000', 1, 4, -62, -73]
['525049494F5400000000000000000000', 1, 4, -62, -55]
['525049494F5400000000000000000000', 1, 4, -62, -76]
['D3FD962B2D8C1EB5E5C028F993D6D8B1', 22024, 45914, 54, -56]
['525049494F5400000000000000000000', 1, 4, -62, -65]
['525049494F5400000000000000000000', 1, 4, -62, -73]
['525049494F5400000000000000000000', 1, 4, -62, -64]
['525049494F5400000000000000000000', 1, 4, -62, -71]
['525049494F5400000000000000000000', 1, 4, -62, -56]
['525049494F5400000000000000000000', 1, 4, -62, -71]
['D3FD962B2D8C1EB5E5C028F993D6D8B1', 22024, 45914, 54, -50]
['525049494F5400000000000000000000', 1, 4, -62, -65]
['525049494F5400000000000000000000', 1, 4, -62, -73]
['525049494F5400000000000000000000', 1, 4, -62, -63]
['525049494F5400000000000000000000', 1, 4, -62, -56]
['525049494F5400000000000000000000', 1, 4, -62, -65]
['010001809D403BB4660B02011A07FF4C', 16, 523, 0, -87]
['525049494F5400000000000000000000', 1, 4, -62, -74]
['525049494F5400000000000000000000', 1, 4, -62, -70]
['525049494F5400000000000000000000', 1, 4, -62, -50]
['525049494F5400000000000000000000', 1, 4, -62, -69]
['525049494F5400000000000000000000', 1, 4, -62, -71]
['0613FF4C000C0E08EE906BE1AC12B17B', 27744, 14030, 29, -93]
['D3FD962B2D8C1EB5E5C028F993D6D8B1', 22024, 45914, 54, -87]
['525049494F5400000000000000000000', 1, 4, -62, -70]
['525049494F5400000000000000000000', 1, 4, -62, -69]
['525049494F5400000000000000000000', 1, 4, -62, -69]
['525049494F5400000000000000000000', 1, 4, -62, -74]
['010001809D403BB4660B02011A07FF4C', 16, 523, 0, -87]
['D3FD962B2D8C1EB5E5C028F993D6D8B1', 22024, 45914, 54, -69]
['525049494F5400000000000000000000', 1, 4, -62, -70]
['525049494F5400000000000000000000', 1, 4, -62, -75]
['010001809D403BB4660B02011A07FF4C', 16, 523, 0, -88]
['525049494F5400000000000000000000', 1, 4, -62, -63]
['525049494F5400000000000000000000', 1, 4, -62, -70]
['525049494F5400000000000000000000', 1, 4, -62, -65]
['010001809D403BB4660B02011A07FF4C', 16, 523, 0, -91]
['525049494F5400000000000000000000', 1, 4, -62, -71]
['D3FD962B2D8C1EB5E5C028F993D6D8B1', 22024, 45914, 54, -77]
['525049494F5400000000000000000000', 1, 4, -62, -65]
['525049494F5400000000000000000000', 1, 4, -62, -71]
['525049494F5400000000000000000000', 1, 4, -62, -50]
['525049494F5400000000000000000000', 1, 4, -62, -55]
['010001809D403BB4660B02011A07FF4C', 16, 523, 0, -99]
['525049494F5400000000000000000000', 1, 4, -62, -65]
['525049494F5400000000000000000000', 1, 4, -62, -70]
['D3FD962B2D8C1EB5E5C028F993D6D8B1', 22024, 45914, 54, -71]
['525049494F5400000000000000000000', 1, 4, -62, -85]
['525049494F5400000000000000000000', 1, 4, -62, -50]
['010001809D403BB4660B02011A07FF4C', 16, 523, 0, -88]
['525049494F5400000000000000000000', 1, 4, -62, -71]
['525049494F5400000000000000000000', 1, 4, -62, -56]
['010001809D403BB4660B02011A07FF4C', 16, 523, 0, -100]
['525049494F5400000000000000000000', 1, 4, -62, -74]
['D3FD962B2D8C1EB5E5C028F993D6D8B1', 22024, 45914, 54, -70]
['010001809D403BB4660B02011A07FF4C', 16, 523, 0, -98]
['525049494F5400000000000000000000', 1, 4, -62, -70]
['525049494F5400000000000000000000', 1, 4, -62, -70]
['D3FD962B2D8C1EB5E5C028F993D6D8B1', 22024, 45914, 54, -70]
['525049494F5400000000000000000000', 1, 4, -62, -70]
['525049494F5400000000000000000000', 1, 4, -62, -51]
['525049494F5400000000000000000000', 1, 4, -62, -70]
['525049494F5400000000000000000000', 1, 4, -62, -51]
['525049494F5400000000000000000000', 1, 4, -62, -72]
['525049494F5400000000000000000000', 1, 4, -62, -50]
['010001809D403BB4660B02011A07FF4C', 16, 523, 0, -90]
['525049494F5400000000000000000000', 1, 4, -62, -51]
['525049494F5400000000000000000000', 1, 4, -62, -51]
['525049494F5400000000000000000000', 1, 4, -62, -71]
['525049494F5400000000000000000000', 1, 4, -62, -69]
['525049494F5400000000000000000000', 1, 4, -62, -51]
['525049494F5400000000000000000000', 1, 4, -62, -69]
['525049494F5400000000000000000000', 1, 4, -62, -50]
['010001809D403BB4660B02011A07FF4C', 16, 523, 0, -100]
['525049494F5400000000000000000000', 1, 4, -62, -70]
['525049494F5400000000000000000000', 1, 4, -62, -71]
['D3FD962B2D8C1EB5E5C028F993D6D8B1', 22024, 45914, 54, -50]
['525049494F5400000000000000000000', 1, 4, -62, -72]
['525049494F5400000000000000000000', 1, 4, -62, -64]
['525049494F5400000000000000000000', 1, 4, -62, -76]
['525049494F5400000000000000000000', 1, 4, -62, -51]
['000C0E0056A8605AC8BBD54F6887C96D', 3344, 523, 0, -88]
['000C0E0056A8605AC8BBD54F6887C96D', 3344, 523, 0, -89]
['000C0E0056A8605AC8BBD54F6887C96D', 3344, 523, 0, -98]
['525049494F5400000000000000000000', 1, 4, -62, -71]
['000C0E0056A8605AC8BBD54F6887C96D', 3344, 523, 0, -88]
['000C0E0056A8605AC8BBD54F6887C96D', 3344, 523, 0, -98]
['000C0E0056A8605AC8BBD54F6887C96D', 3344, 523, 0, -87]
['000C0E0056A8605AC8BBD54F6887C96D', 3344, 523, 0, -97]
['000C0E0056A8605AC8BBD54F6887C96D', 3344, 523, 0, -86]
['000C0E0056A8605AC8BBD54F6887C96D', 3344, 523, 0, -87]
['525049494F5400000000000000000000', 1, 4, -62, -71]
['000C0E0056A8605AC8BBD54F6887C96D', 3344, 523, 0, -86]
['000C0E0056A8605AC8BBD54F6887C96D', 3344, 523, 0, -85]
['525049494F5400000000000000000000', 1, 4, -62, -65]
['000C0E0056A8605AC8BBD54F6887C96D', 3344, 523, 0, -96]
['000C0E0056A8605AC8BBD54F6887C96D', 3344, 523, 0, -87]
['525049494F5400000000000000000000', 1, 4, -62, -75]
['525049494F5400000000000000000000', 1, 4, -62, -63]
['525049494F5400000000000000000000', 1, 4, -62, -70]
['525049494F5400000000000000000000', 1, 4, -62, -70]
['000C0E0056A8605AC8BBD54F6887C96D', 3344, 523, 0, -97]
['D3FD962B2D8C1EB5E5C028F993D6D8B1', 22024, 45914, 54, -87]
['000C0E0056A8605AC8BBD54F6887C96D', 3344, 523, 0, -87]
['525049494F5400000000000000000000', 1, 4, -62, -71]
['000C0E0056A8605AC8BBD54F6887C96D', 3344, 523, 0, -96]
['000C0E0056A8605AC8BBD54F6887C96D', 3344, 523, 0, -87]
['000C0E0056A8605AC8BBD54F6887C96D', 3344, 523, 0, -86]
['525049494F5400000000000000000000', 1, 4, -62, -65]
['525049494F5400000000000000000000', 1, 4, -62, -72]
['000C0E0056A8605AC8BBD54F6887C96D', 3344, 523, 0, -91]
['000C0E0056A8605AC8BBD54F6887C96D', 3344, 523, 0, -90]
['525049494F5400000000000000000000', 1, 4, -62, -65]
['000C0E0056A8605AC8BBD54F6887C96D', 3344, 523, 0, -87]
['000C0E0056A8605AC8BBD54F6887C96D', 3344, 523, 0, -88]
['525049494F5400000000000000000000', 1, 4, -62, -71]
['000C0E0056A8605AC8BBD54F6887C96D', 3344, 523, 0, -88]
['000C0E0056A8605AC8BBD54F6887C96D', 3344, 523, 0, -89]
['525049494F5400000000000000000000', 1, 4, -62, -65]
['000C0E0056A8605AC8BBD54F6887C96D', 3344, 523, 0, -88]
['000C0E0056A8605AC8BBD54F6887C96D', 3344, 523, 0, -87]
['D3FD962B2D8C1EB5E5C028F993D6D8B1', 22024, 45914, 54, -56]
['000C0E0056A8605AC8BBD54F6887C96D', 3344, 523, 0, -89]
['525049494F5400000000000000000000', 1, 4, -62, -63]
['000C0E0056A8605AC8BBD54F6887C96D', 3344, 523, 0, -100]
['000C0E0056A8605AC8BBD54F6887C96D', 3344, 523, 0, -89]
['525049494F5400000000000000000000', 1, 4, -62, -71]
['525049494F5400000000000000000000', 1, 4, -62, -56]
['000C0E0056A8605AC8BBD54F6887C96D', 3344, 523, 0, -97]
['525049494F5400000000000000000000', 1, 4, -62, -50]
['525049494F5400000000000000000000', 1, 4, -62, -55]
['525049494F5400000000000000000000', 1, 4, -62, -70]
['525049494F5400000000000000000000', 1, 4, -62, -55]
['525049494F5400000000000000000000', 1, 4, -62, -69]
['525049494F5400000000000000000000', 1, 4, -62, -64]
['01000038AE217F66A80B02010607FF4C', 16, 523, 0, -93]
['000C0E0056A8605AC8BBD54F6887C96D', 3344, 523, 0, -88]
['525049494F5400000000000000000000', 1, 4, -62, -66]
['525049494F5400000000000000000000', 1, 4, -62, -72]
['D3FD962B2D8C1EB5E5C028F993D6D8B1', 22024, 45914, 54, -86]
['525049494F5400000000000000000000', 1, 4, -62, -65]
['000C0E0056A8605AC8BBD54F6887C96D', 3344, 523, 0, -98]
['000C0E0056A8605AC8BBD54F6887C96D', 3344, 523, 0, -90]
['525049494F5400000000000000000000', 1, 4, -62, -54]
['525049494F5400000000000000000000', 1, 4, -62, -65]
['D3FD962B2D8C1EB5E5C028F993D6D8B1', 22024, 45914, 54, -70]
['525049494F5400000000000000000000', 1, 4, -62, -65]
['000C0E0056A8605AC8BBD54F6887C96D', 3344, 523, 0, -88]
['525049494F5400000000000000000000', 1, 4, -62, -67]
['525049494F5400000000000000000000', 1, 4, -62, -64]
['525049494F5400000000000000000000', 1, 4, -62, -55]
['525049494F5400000000000000000000', 1, 4, -62, -87]
['525049494F5400000000000000000000', 1, 4, -62, -55]
['D3FD962B2D8C1EB5E5C028F993D6D8B1', 22024, 45914, 54, -54]
['525049494F5400000000000000000000', 1, 4, -62, -51]
['525049494F5400000000000000000000', 1, 4, -62, -55]
['525049494F5400000000000000000000', 1, 4, -62, -51]
['525049494F5400000000000000000000', 1, 4, -62, -68]
['000C0E0056A8605AC8BBD54F6887C96D', 3344, 523, 0, -87]
['525049494F5400000000000000000000', 1, 4, -62, -76]
['000C0E0056A8605AC8BBD54F6887C96D', 3344, 523, 0, -99]
['525049494F5400000000000000000000', 1, 4, -62, -71]
['D3FD962B2D8C1EB5E5C028F993D6D8B1', 22024, 45914, 54, -51]
['000C0E0056A8605AC8BBD54F6887C96D', 3344, 523, 0, -88]
['525049494F5400000000000000000000', 1, 4, -62, -69]
