['525049494F5400000000000000000000', 1, 4, -62, -52]
['525049494F5400000000000000000000', 1, 4, -62, -61]
['D3FD962B2D8C1EB5E5C028F993D6D8B1', 22024, 45914, 54, -66]
['525049494F5400000000000000000000', 1, 4, -62, -52]
['525049494F5400000000000000000000', 1, 4, -62, -61]
['525049494F5400000000000000000000', 1, 4, -62, -61]
['525049494F5400000000000000000000', 1, 4, -62, -65]
['525049494F5400000000000000000000', 1, 4, -62, -61]
['D3FD962B2D8C1EB5E5C028F993D6D8B1', 22024, 45914, 54, -76]
['525049494F5400000000000000000000', 1, 4, -62, -66]
['525049494F5400000000000000000000', 1, 4, -62, -67]
['525049494F5400000000000000000000', 1, 4, -62, -54]
['525049494F5400000000000000000000', 1, 4, -62, -54]
['525049494F5400000000000000000000', 1, 4, -62, -76]
['525049494F5400000000000000000000', 1, 4, -62, -76]
['525049494F5400000000000000000000', 1, 4, -62, -53]
['525049494F5400000000000000000000', 1, 4, -62, -54]
['D3FD962B2D8C1EB5E5C028F993D6D8B1', 22024, 45914, 54, -54]
['0613FF4C000C0E08DA908FD04C838F02', 59367, 2571, 47, -91]
['525049494F5400000000000000000000', 1, 4, -62, -52]
['525049494F5400000000000000000000', 1, 4, -62, -69]
['525049494F5400000000000000000000', 1, 4, -62, -61]
['525049494F5400000000000000000000', 1, 4, -62, -69]
['525049494F5400000000000000000000', 1, 4, -62, -61]
['D3FD962B2D8C1EB5E5C028F993D6D8B1', 22024, 45914, 54, -52]
['525049494F5400000000000000000000', 1, 4, -62, -67]
['525049494F5400000000000000000000', 1, 4, -62, -62]
['525049494F5400000000000000000000', 1, 4, -62, -69]
['525049494F5400000000000000000000', 1, 4, -62, -84]
['525049494F5400000000000000000000', 1, 4, -62, -65]
['525049494F5400000000000000000000', 1, 4, -62, -62]
['D3FD962B2D8C1EB5E5C028F993D6D8B1', 22024, 45914, 54, -78]
['525049494F5400000000000000000000', 1, 4, -62, -65]
['525049494F5400000000000000000000', 1, 4, -62, -74]
['525049494F5400000000000000000000', 1, 4, -62, -67]
['525049494F5400000000000000000000', 1, 4, -62, -54]
['525049494F5400000000000000000000', 1, 4, -62, -66]
['525049494F5400000000000000000000', 1, 4, -62, -62]
['525049494F5400000000000000000000', 1, 4, -62, -69]
['525049494F5400000000000000000000', 1, 4, -62, -69]
['525049494F5400000000000000000000', 1, 4, -62, -63]
['525049494F5400000000000000000000', 1, 4, -62, -65]
['525049494F5400000000000000000000', 1, 4, -62, -63]
['525049494F5400000000000000000000', 1, 4, -62, -57]
['D3FD962B2D8C1EB5E5C028F993D6D8B1', 22024, 45914, 54, -54]
['0613FF4C000C0E00DB9061A4B18B1D10', 27192, 999, -50, -94]
['525049494F5400000000000000000000', 1, 4, -62, -52]
['525049494F5400000000000000000000', 1, 4, -62, -63]
['525049494F5400000000000000000000', 1, 4, -62, -52]
['525049494F5400000000000000000000', 1, 4, -62, -69]
['0613FF4C000C0E00DB9061A4B18B1D10', 27192, 999, -50, -104]
['01000038AE217F66A80B02010607FF4C', 16, 523, 0, -94]
['525049494F5400000000000000000000', 1, 4, -62, -53]
['D3FD962B2D8C1EB5E5C028F993D6D8B1', 22024, 45914, 54, -53]
['525049494F5400000000000000000000', 1, 4, -62, -69]
['525049494F5400000000000000000000', 1, 4, -62, -52]
['525049494F5400000000000000000000', 1, 4, -62, -68]
['525049494F5400000000000000000000', 1, 4, -62, -63]
['0613FF4C000C0E00DB9061A4B18B1D10', 27192, 999, -50, -93]
['525049494F5400000000000000000000', 1, 4, -62, -54]
['525049494F5400000000000000000000', 1, 4, -62, -52]
['D3FD962B2D8C1EB5E5C028F993D6D8B1', 22024, 45914, 54, -52]
['525049494F5400000000000000000000', 1, 4, -62, -54]
['0613FF4C000C0E00DB9061A4B18B1D10', 27192, 999, -50, -92]
['525049494F5400000000000000000000', 1, 4, -62, -53]
['525049494F5400000000000000000000', 1, 4, -62, -55]
['01000038AE217F66A80B02010607FF4C', 16, 523, 0, -89]
['525049494F5400000000000000000000', 1, 4, -62, -52]
['0613FF4C000C0E00DB9061A4B18B1D10', 27192, 999, -50, -93]
['525049494F5400000000000000000000', 1, 4, -62, -54]
['525049494F5400000000000000000000', 1, 4, -62, -79]
['525049494F5400000000000000000000', 1, 4, -62, -54]
['D3FD962B2D8C1EB5E5C028F993D6D8B1', 22024, 45914, 54, -63]
['525049494F5400000000000000000000', 1, 4, -62, -54]
['525049494F5400000000000000000000', 1, 4, -62, -67]
['525049494F5400000000000000000000', 1, 4, -62, -68]
['525049494F5400000000000000000000', 1, 4, -62, -62]
['D3FD962B2D8C1EB5E5C028F993D6D8B1', 22024, 45914, 54, -69]
['525049494F5400000000000000000000', 1, 4, -62, -62]
['525049494F5400000000000000000000', 1, 4, -62, -55]
['525049494F5400000000000000000000', 1, 4, -62, -68]
['525049494F5400000000000000000000', 1, 4, -62, -53]
['525049494F5400000000000000000000', 1, 4, -62, -62]
['D3FD962B2D8C1EB5E5C028F993D6D8B1', 22024, 45914, 54, -53]
['525049494F5400000000000000000000', 1, 4, -62, -67]
['525049494F5400000000000000000000', 1, 4, -62, -64]
['525049494F5400000000000000000000', 1, 4, -62, -68]
['525049494F5400000000000000000000', 1, 4, -62, -66]
['525049494F5400000000000000000000', 1, 4, -62, -67]
['525049494F5400000000000000000000', 1, 4, -62, -64]
['D3FD962B2D8C1EB5E5C028F993D6D8B1', 22024, 45914, 54, -52]
['525049494F5400000000000000000000', 1, 4, -62, -68]
['525049494F5400000000000000000000', 1, 4, -62, -63]
['525049494F5400000000000000000000', 1, 4, -62, -69]
['525049494F5400000000000000000000', 1, 4, -62, -67]
['525049494F5400000000000000000000', 1, 4, -62, -54]
['01000038AE217F66A80B02010607FF4C', 16, 523, 0, -103]
['D3FD962B2D8C1EB5E5C028F993D6D8B1', 22024, 45914, 54, -61]
['01000038AE217F66A80B02010607FF4C', 16, 523, 0, -96]
['525049494F5400000000000000000000', 1, 4, -62, -67]
['525049494F5400000000000000000000', 1, 4, -62, -54]
['525049494F5400000000000000000000', 1, 4, -62, -67]
['01000038AE217F66A80B02010607FF4C', 16, 523, 0, -95]
['525049494F5400000000000000000000', 1, 4, -62, -63]
['525049494F5400000000000000000000', 1, 4, -62, -67]
['D3FD962B2D8C1EB5E5C028F993D6D8B1', 22024, 45914, 54, -67]
['525049494F5400000000000000000000', 1, 4, -62, -64]
['525049494F5400000000000000000000', 1, 4, -62, -52]
['525049494F5400000000000000000000', 1, 4, -62, -54]
['525049494F5400000000000000000000', 1, 4, -62, -53]
['525049494F5400000000000000000000', 1, 4, -62, -52]
['D3FD962B2D8C1EB5E5C028F993D6D8B1', 22024, 45914, 54, -52]
['525049494F5400000000000000000000', 1, 4, -62, -64]
['525049494F5400000000000000000000', 1, 4, -62, -66]
['525049494F5400000000000000000000', 1, 4, -62, -54]
['525049494F5400000000000000000000', 1, 4, -62, -53]
['525049494F5400000000000000000000', 1, 4, -62, -67]
['D3FD962B2D8C1EB5E5C028F993D6D8B1', 22024, 45914, 54, -52]
['525049494F5400000000000000000000', 1, 4, -62, -63]
['525049494F5400000000000000000000', 1, 4, -62, -67]
['01000038AE217F66A80B02010607FF4C', 16, 523, 0, -101]
['525049494F5400000000000000000000', 1, 4, -62, -63]
['525049494F5400000000000000000000', 1, 4, -62, -67]
['01000038AE217F66A80B02010607FF4C', 16, 523, 0, -95]
['525049494F5400000000000000000000', 1, 4, -62, -66]
['525049494F5400000000000000000000', 1, 4, -62, -68]
['D3FD962B2D8C1EB5E5C028F993D6D8B1', 22024, 45914, 54, -64]
['525049494F5400000000000000000000', 1, 4, -62, -53]
['525049494F5400000000000000000000', 1, 4, -62, -64]
['525049494F5400000000000000000000', 1, 4, -62, -52]
['525049494F5400000000000000000000', 1, 4, -62, -69]
['525049494F5400000000000000000000', 1, 4, -62, -64]
['525049494F5400000000000000000000', 1, 4, -62, -65]
['D3FD962B2D8C1EB5E5C028F993D6D8B1', 22024, 45914, 54, -69]
['525049494F5400000000000000000000', 1, 4, -62, -64]
['525049494F5400000000000000000000', 1, 4, -62, -68]
['525049494F5400000000000000000000', 1, 4, -62, -63]
['525049494F5400000000000000000000', 1, 4, -62, -66]
['525049494F5400000000000000000000', 1, 4, -62, -61]
['525049494F5400000000000000000000', 1, 4, -62, -69]
['D3FD962B2D8C1EB5E5C028F993D6D8B1', 22024, 45914, 54, -54]
['525049494F5400000000000000000000', 1, 4, -62, -79]
['525049494F5400000000000000000000', 1, 4, -62, -67]
['525049494F5400000000000000000000', 1, 4, -62, -84]
['525049494F5400000000000000000000', 1, 4, -62, -69]
['525049494F5400000000000000000000', 1, 4, -62, -62]
['525049494F5400000000000000000000', 1, 4, -62, -69]
['525049494F5400000000000000000000', 1, 4, -62, -62]
['525049494F5400000000000000000000', 1, 4, -62, -53]
['525049494F5400000000000000000000', 1, 4, -62, -63]
['525049494F5400000000000000000000', 1, 4, -62, -53]
['525049494F5400000000000000000000', 1, 4, -62, -67]
['525049494F5400000000000000000000', 1, 4, -62, -53]
['525049494F5400000000000000000000', 1, 4, -62, -67]
['525049494F5400000000000000000000', 1, 4, -62, -68]
['525049494F5400000000000000000000', 1, 4, -62, -63]
['525049494F5400000000000000000000', 1, 4, -62, -67]
['0613FF4C000C0E00DC900562A9FE6ABE', 42143, 55406, -32, -93]
['525049494F5400000000000000000000', 1, 4, -62, -68]
['525049494F5400000000000000000000', 1, 4, -62, -52]
['525049494F5400000000000000000000', 1, 4, -62, -69]
['525049494F5400000000000000000000', 1, 4, -62, -52]
['525049494F5400000000000000000000', 1, 4, -62, -65]
['525049494F5400000000000000000000', 1, 4, -62, -53]
['525049494F5400000000000000000000', 1, 4, -62, -67]
['D3FD962B2D8C1EB5E5C028F993D6D8B1', 22024, 45914, 54, -70]
['525049494F5400000000000000000000', 1, 4, -62, -54]
['525049494F5400000000000000000000', 1, 4, -62, -79]
['525049494F5400000000000000000000', 1, 4, -62, -52]
['525049494F5400000000000000000000', 1, 4, -62, -78]
['0613FF4C000C0E00DC900562A9FE6ABE', 42143, 55406, -32, -92]
['01000038AE217F66A80B02010607FF4C', 16, 523, 0, -91]
['01000038AE217F66A80B02010607FF4C', 16, 523, 0, -87]
['D3FD962B2D8C1EB5E5C028F993D6D8B1', 22024, 45914, 54, -66]
['525049494F5400000000000000000000', 1, 4, -62, -78]
['525049494F5400000000000000000000', 1, 4, -62, -54]
['525049494F5400000000000000000000', 1, 4, -62, -78]
['525049494F5400000000000000000000', 1, 4, -62, -54]
['D3FD962B2D8C1EB5E5C028F993D6D8B1', 22024, 45914, 54, -64]
['525049494F5400000000000000000000', 1, 4, -62, -55]
['525049494F5400000000000000000000', 1, 4, -62, -54]
['525049494F5400000000000000000000', 1, 4, -62, -79]
['525049494F5400000000000000000000', 1, 4, -62, -54]
['525049494F5400000000000000000000', 1, 4, -62, -77]
['525049494F5400000000000000000000', 1, 4, -62, -54]
['525049494F5400000000000000000000', 1, 4, -62, -79]
['525049494F5400000000000000000000', 1, 4, -62, -55]
['525049494F5400000000000000000000', 1, 4, -62, -80]
['525049494F5400000000000000000000', 1, 4, -62, -52]
['525049494F5400000000000000000000', 1, 4, -62, -63]
['525049494F5400000000000000000000', 1, 4, -62, -52]
['525049494F5400000000000000000000', 1, 4, -62, -55]
['010001920C6C5F77440B02010607FF4C', 16, 523, 0, -92]
['525049494F5400000000000000000000', 1, 4, -62, -67]
['525049494F5400000000000000000000', 1, 4, -62, -54]
['525049494F5400000000000000000000', 1, 4, -62, -54]
['525049494F5400000000000000000000', 1, 4, -62, -77]
['525049494F5400000000000000000000', 1, 4, -62, -53]
['525049494F5400000000000000000000', 1, 4, -62, -77]
['525049494F5400000000000000000000', 1, 4, -62, -75]
['525049494F5400000000000000000000', 1, 4, -62, -54]
['525049494F5400000000000000000000', 1, 4, -62, -60]
['D3FD962B2D8C1EB5E5C028F993D6D8B1', 22024, 45914, 54, -67]
['525049494F5400000000000000000000', 1, 4, -62, -68]
['525049494F5400000000000000000000', 1, 4, -62, -66]
['525049494F5400000000000000000000', 1, 4, -62, -54]
['525049494F5400000000000000000000', 1, 4, -62, -67]
['525049494F5400000000000000000000', 1, 4, -62, -54]
['525049494F5400000000000000000000', 1, 4, -62, -67]
['D3FD962B2D8C1EB5E5C028F993D6D8B1', 22024, 45914, 54, -54]
['525049494F5400000000000000000000', 1, 4, -62, -63]
['525049494F5400000000000000000000', 1, 4, -62, -65]

