['525049494F5400000000000000000000', 1, 4, -62, -58]
['D3FD962B2D8C1EB5E5C028F993D6D8B1', 22024, 45914, 54, -65]
['525049494F5400000000000000000000', 1, 4, -62, -57]
['525049494F5400000000000000000000', 1, 4, -62, -58]
['525049494F5400000000000000000000', 1, 4, -62, -67]
['525049494F5400000000000000000000', 1, 4, -62, -59]
['525049494F5400000000000000000000', 1, 4, -62, -66]
['525049494F5400000000000000000000', 1, 4, -62, -59]
['D3FD962B2D8C1EB5E5C028F993D6D8B1', 22024, 45914, 54, -74]
['525049494F5400000000000000000000', 1, 4, -62, -57]
['525049494F5400000000000000000000', 1, 4, -62, -58]
['525049494F5400000000000000000000', 1, 4, -62, -57]
['525049494F5400000000000000000000', 1, 4, -62, -58]
['525049494F5400000000000000000000', 1, 4, -62, -58]
['D3FD962B2D8C1EB5E5C028F993D6D8B1', 22024, 45914, 54, -58]
['525049494F5400000000000000000000', 1, 4, -62, -58]
['525049494F5400000000000000000000', 1, 4, -62, -58]
['525049494F5400000000000000000000', 1, 4, -62, -65]
['525049494F5400000000000000000000', 1, 4, -62, -59]
['525049494F5400000000000000000000', 1, 4, -62, -71]
['525049494F5400000000000000000000', 1, 4, -62, -58]
['D3FD962B2D8C1EB5E5C028F993D6D8B1', 22024, 45914, 54, -57]
['525049494F5400000000000000000000', 1, 4, -62, -66]
['525049494F5400000000000000000000', 1, 4, -62, -59]
['525049494F5400000000000000000000', 1, 4, -62, -65]
['525049494F5400000000000000000000', 1, 4, -62, -58]
['525049494F5400000000000000000000', 1, 4, -62, -66]
['525049494F5400000000000000000000', 1, 4, -62, -59]
['525049494F5400000000000000000000', 1, 4, -62, -65]
['525049494F5400000000000000000000', 1, 4, -62, -60]
['525049494F5400000000000000000000', 1, 4, -62, -57]
['525049494F5400000000000000000000', 1, 4, -62, -58]
['525049494F5400000000000000000000', 1, 4, -62, -65]
['525049494F5400000000000000000000', 1, 4, -62, -58]
['525049494F5400000000000000000000', 1, 4, -62, -71]
['525049494F5400000000000000000000', 1, 4, -62, -59]
['525049494F5400000000000000000000', 1, 4, -62, -78]
['D3FD962B2D8C1EB5E5C028F993D6D8B1', 22024, 45914, 54, -58]
['525049494F5400000000000000000000', 1, 4, -62, -52]
['525049494F5400000000000000000000', 1, 4, -62, -73]
['01000038AE217F66A80B02010607FF4C', 16, 523, 0, -103]
['525049494F5400000000000000000000', 1, 4, -62, -51]
['525049494F5400000000000000000000', 1, 4, -62, -74]
['525049494F5400000000000000000000', 1, 4, -62, -52]
['525049494F5400000000000000000000', 1, 4, -62, -58]
['D3FD962B2D8C1EB5E5C028F993D6D8B1', 22024, 45914, 54, -52]
['525049494F5400000000000000000000', 1, 4, -62, -52]
['525049494F5400000000000000000000', 1, 4, -62, -57]
['525049494F5400000000000000000000', 1, 4, -62, -52]
['525049494F5400000000000000000000', 1, 4, -62, -57]
['525049494F5400000000000000000000', 1, 4, -62, -56]
['D3FD962B2D8C1EB5E5C028F993D6D8B1', 22024, 45914, 54, -58]
['525049494F5400000000000000000000', 1, 4, -62, -52]
['525049494F5400000000000000000000', 1, 4, -62, -57]
['525049494F5400000000000000000000', 1, 4, -62, -75]
['525049494F5400000000000000000000', 1, 4, -62, -57]
['525049494F5400000000000000000000', 1, 4, -62, -66]
['525049494F5400000000000000000000', 1, 4, -62, -57]
['525049494F5400000000000000000000', 1, 4, -62, -67]
['525049494F5400000000000000000000', 1, 4, -62, -59]
['525049494F5400000000000000000000', 1, 4, -62, -67]
['525049494F5400000000000000000000', 1, 4, -62, -58]
['525049494F5400000000000000000000', 1, 4, -62, -58]
['525049494F5400000000000000000000', 1, 4, -62, -57]
['D3FD962B2D8C1EB5E5C028F993D6D8B1', 22024, 45914, 54, -57]
['525049494F5400000000000000000000', 1, 4, -62, -58]
['525049494F5400000000000000000000', 1, 4, -62, -66]
['525049494F5400000000000000000000', 1, 4, -62, -57]
['525049494F5400000000000000000000', 1, 4, -62, -73]
['525049494F5400000000000000000000', 1, 4, -62, -62]
['525049494F5400000000000000000000', 1, 4, -62, -66]
['D3FD962B2D8C1EB5E5C028F993D6D8B1', 22024, 45914, 54, -52]
['525049494F5400000000000000000000', 1, 4, -62, -57]
['525049494F5400000000000000000000', 1, 4, -62, -58]
['525049494F5400000000000000000000', 1, 4, -62, -58]
['525049494F5400000000000000000000', 1, 4, -62, -52]
['D3FD962B2D8C1EB5E5C028F993D6D8B1', 22024, 45914, 54, -52]
['525049494F5400000000000000000000', 1, 4, -62, -57]
['525049494F5400000000000000000000', 1, 4, -62, -52]
['525049494F5400000000000000000000', 1, 4, -62, -72]
['525049494F5400000000000000000000', 1, 4, -62, -58]
['525049494F5400000000000000000000', 1, 4, -62, -73]
['525049494F5400000000000000000000', 1, 4, -62, -52]
['D3FD962B2D8C1EB5E5C028F993D6D8B1', 22024, 45914, 54, -73]
['525049494F5400000000000000000000', 1, 4, -62, -58]
['525049494F5400000000000000000000', 1, 4, -62, -52]
['525049494F5400000000000000000000', 1, 4, -62, -72]
['01000038AE217F66A80B02010607FF4C', 16, 523, 0, -94]
['525049494F5400000000000000000000', 1, 4, -62, -71]
['01000038AE217F66A80B02010607FF4C', 16, 523, 0, -94]
['525049494F5400000000000000000000', 1, 4, -62, -53]
['525049494F5400000000000000000000', 1, 4, -62, -58]
['D3FD962B2D8C1EB5E5C028F993D6D8B1', 22024, 45914, 54, -58]
['525049494F5400000000000000000000', 1, 4, -62, -52]
['525049494F5400000000000000000000', 1, 4, -62, -59]
['525049494F5400000000000000000000', 1, 4, -62, -52]
['525049494F5400000000000000000000', 1, 4, -62, -82]
['525049494F5400000000000000000000', 1, 4, -62, -57]
['525049494F5400000000000000000000', 1, 4, -62, -53]
['D3FD962B2D8C1EB5E5C028F993D6D8B1', 22024, 45914, 54, -57]
['525049494F5400000000000000000000', 1, 4, -62, -70]
['525049494F5400000000000000000000', 1, 4, -62, -52]
['525049494F5400000000000000000000', 1, 4, -62, -71]
['525049494F5400000000000000000000', 1, 4, -62, -74]
['525049494F5400000000000000000000', 1, 4, -62, -57]
['D3FD962B2D8C1EB5E5C028F993D6D8B1', 22024, 45914, 54, -66]
['525049494F5400000000000000000000', 1, 4, -62, -57]
['525049494F5400000000000000000000', 1, 4, -62, -58]
['525049494F5400000000000000000000', 1, 4, -62, -57]
['525049494F5400000000000000000000', 1, 4, -62, -70]
['525049494F5400000000000000000000', 1, 4, -62, -52]
['D3FD962B2D8C1EB5E5C028F993D6D8B1', 22024, 45914, 54, -75]
['525049494F5400000000000000000000', 1, 4, -62, -70]
['525049494F5400000000000000000000', 1, 4, -62, -72]
['525049494F5400000000000000000000', 1, 4, -62, -52]
['525049494F5400000000000000000000', 1, 4, -62, -74]
['525049494F5400000000000000000000', 1, 4, -62, -51]
['D3FD962B2D8C1EB5E5C028F993D6D8B1', 22024, 45914, 54, -71]
['525049494F5400000000000000000000', 1, 4, -62, -57]
['525049494F5400000000000000000000', 1, 4, -62, -74]
['525049494F5400000000000000000000', 1, 4, -62, -52]
['01000038AE217F66A80B02010607FF4C', 16, 523, 0, -89]
['525049494F5400000000000000000000', 1, 4, -62, -73]
['01000038AE217F66A80B02010607FF4C', 16, 523, 0, -103]
['525049494F5400000000000000000000', 1, 4, -62, -74]
['D3FD962B2D8C1EB5E5C028F993D6D8B1', 22024, 45914, 54, -52]
['525049494F5400000000000000000000', 1, 4, -62, -58]
['525049494F5400000000000000000000', 1, 4, -62, -52]
['525049494F5400000000000000000000', 1, 4, -62, -57]
['525049494F5400000000000000000000', 1, 4, -62, -58]
['D3FD962B2D8C1EB5E5C028F993D6D8B1', 22024, 45914, 54, -52]
['525049494F5400000000000000000000', 1, 4, -62, -72]
['525049494F5400000000000000000000', 1, 4, -62, -58]
['525049494F5400000000000000000000', 1, 4, -62, -71]
['525049494F5400000000000000000000', 1, 4, -62, -52]
['525049494F5400000000000000000000', 1, 4, -62, -72]
['525049494F5400000000000000000000', 1, 4, -62, -52]
['D3FD962B2D8C1EB5E5C028F993D6D8B1', 22024, 45914, 54, -74]
['525049494F5400000000000000000000', 1, 4, -62, -58]
['01000038AE217F66A80B02010607FF4C', 16, 523, 0, -88]
['0613FF4C000C0E08ED90F378168C5A3D', 25221, 59821, -13, -93]
['525049494F5400000000000000000000', 1, 4, -62, -74]
['0613FF4C000C0E08ED90F378168C5A3D', 25221, 59821, -13, -90]
['525049494F5400000000000000000000', 1, 4, -62, -73]
['525049494F5400000000000000000000', 1, 4, -62, -51]
['D3FD962B2D8C1EB5E5C028F993D6D8B1', 22024, 45914, 54, -70]
['525049494F5400000000000000000000', 1, 4, -62, -57]
['525049494F5400000000000000000000', 1, 4, -62, -52]
['525049494F5400000000000000000000', 1, 4, -62, -58]
['525049494F5400000000000000000000', 1, 4, -62, -65]
['525049494F5400000000000000000000', 1, 4, -62, -58]
['525049494F5400000000000000000000', 1, 4, -62, -64]
['D3FD962B2D8C1EB5E5C028F993D6D8B1', 22024, 45914, 54, -72]
['525049494F5400000000000000000000', 1, 4, -62, -59]
['525049494F5400000000000000000000', 1, 4, -62, -66]
['525049494F5400000000000000000000', 1, 4, -62, -58]
['525049494F5400000000000000000000', 1, 4, -62, -65]
['525049494F5400000000000000000000', 1, 4, -62, -58]
['01000038AE217F66A80B02010607FF4C', 16, 523, 0, -93]
['525049494F5400000000000000000000', 1, 4, -62, -74]
['D3FD962B2D8C1EB5E5C028F993D6D8B1', 22024, 45914, 54, -52]
['525049494F5400000000000000000000', 1, 4, -62, -58]
['525049494F5400000000000000000000', 1, 4, -62, -59]
['525049494F5400000000000000000000', 1, 4, -62, -67]
['525049494F5400000000000000000000', 1, 4, -62, -59]
['525049494F5400000000000000000000', 1, 4, -62, -67]
['D3FD962B2D8C1EB5E5C028F993D6D8B1', 22024, 45914, 54, -59]
['525049494F5400000000000000000000', 1, 4, -62, -67]
['525049494F5400000000000000000000', 1, 4, -62, -59]
['525049494F5400000000000000000000', 1, 4, -62, -66]
['525049494F5400000000000000000000', 1, 4, -62, -58]
['525049494F5400000000000000000000', 1, 4, -62, -75]
['D3FD962B2D8C1EB5E5C028F993D6D8B1', 22024, 45914, 54, -58]
['525049494F5400000000000000000000', 1, 4, -62, -57]
['525049494F5400000000000000000000', 1, 4, -62, -74]
['525049494F5400000000000000000000', 1, 4, -62, -57]
['525049494F5400000000000000000000', 1, 4, -62, -74]
['525049494F5400000000000000000000', 1, 4, -62, -56]
['525049494F5400000000000000000000', 1, 4, -62, -75]
['D3FD962B2D8C1EB5E5C028F993D6D8B1', 22024, 45914, 54, -65]
['525049494F5400000000000000000000', 1, 4, -62, -78]
['525049494F5400000000000000000000', 1, 4, -62, -74]
['525049494F5400000000000000000000', 1, 4, -62, -56]
['525049494F5400000000000000000000', 1, 4, -62, -57]
['525049494F5400000000000000000000', 1, 4, -62, -65]
['525049494F5400000000000000000000', 1, 4, -62, -57]
['525049494F5400000000000000000000', 1, 4, -62, -57]
['525049494F5400000000000000000000', 1, 4, -62, -72]
['525049494F5400000000000000000000', 1, 4, -62, -59]
['525049494F5400000000000000000000', 1, 4, -62, -79]
['D3FD962B2D8C1EB5E5C028F993D6D8B1', 22024, 45914, 54, -74]
['525049494F5400000000000000000000', 1, 4, -62, -74]
['525049494F5400000000000000000000', 1, 4, -62, -52]
['525049494F5400000000000000000000', 1, 4, -62, -74]
['525049494F5400000000000000000000', 1, 4, -62, -52]
['525049494F5400000000000000000000', 1, 4, -62, -71]
['D3FD962B2D8C1EB5E5C028F993D6D8B1', 22024, 45914, 54, -59]
['525049494F5400000000000000000000', 1, 4, -62, -72]
['525049494F5400000000000000000000', 1, 4, -62, -58]
['525049494F5400000000000000000000', 1, 4, -62, -67]
['525049494F5400000000000000000000', 1, 4, -62, -58]
['525049494F5400000000000000000000', 1, 4, -62, -67]
['525049494F5400000000000000000000', 1, 4, -62, -58]
['D3FD962B2D8C1EB5E5C028F993D6D8B1', 22024, 45914, 54, -57]
['525049494F5400000000000000000000', 1, 4, -62, -67]
['525049494F5400000000000000000000', 1, 4, -62, -57]
['525049494F5400000000000000000000', 1, 4, -62, -74]

