['525049494F5400000000000000000000', 1, 1, -62, -54]
['525049494F5400000000000000000000', 1, 1, -62, -36]
['525049494F5400000000000000000000', 1, 1, -62, -53]
['525049494F5400000000000000000000', 1, 1, -62, -41]
['525049494F5400000000000000000000', 1, 1, -62, -53]
['525049494F5400000000000000000000', 1, 1, -62, -35]
['D3396D5F785E67047B67042A2A68ADCA', 14934, 64340, 12, -39]
['525049494F5400000000000000000000', 1, 1, -62, -46]
['525049494F5400000000000000000000', 1, 1, -62, -35]
['525049494F5400000000000000000000', 1, 1, -62, -41]
['525049494F5400000000000000000000', 1, 1, -62, -35]
['525049494F5400000000000000000000', 1, 1, -62, -41]
['D3396D5F785E67047B67042A2A68ADCA', 14934, 64340, 12, -50]
['525049494F5400000000000000000000', 1, 1, -62, -53]
['525049494F5400000000000000000000', 1, 1, -62, -41]
['525049494F5400000000000000000000', 1, 1, -62, -50]
['525049494F5400000000000000000000', 1, 1, -62, -41]
['525049494F5400000000000000000000', 1, 1, -62, -54]
['525049494F5400000000000000000000', 1, 1, -62, -54]
['D3396D5F785E67047B67042A2A68ADCA', 14934, 64340, 12, -57]
['525049494F5400000000000000000000', 1, 1, -62, -41]
['525049494F5400000000000000000000', 1, 1, -62, -54]
['525049494F5400000000000000000000', 1, 1, -62, -41]
['525049494F5400000000000000000000', 1, 1, -62, -53]
['525049494F5400000000000000000000', 1, 1, -62, -36]
['525049494F5400000000000000000000', 1, 1, -62, -54]
['D3396D5F785E67047B67042A2A68ADCA', 14934, 64340, 12, -39]
['525049494F5400000000000000000000', 1, 1, -62, -63]
['525049494F5400000000000000000000', 1, 1, -62, -53]
['525049494F5400000000000000000000', 1, 1, -62, -35]
['525049494F5400000000000000000000', 1, 1, -62, -57]
['525049494F5400000000000000000000', 1, 1, -62, -35]
['525049494F5400000000000000000000', 1, 1, -62, -57]
['D3396D5F785E67047B67042A2A68ADCA', 14934, 64340, 12, -53]
['525049494F5400000000000000000000', 1, 1, -62, -35]
['525049494F5400000000000000000000', 1, 1, -62, -57]
['525049494F5400000000000000000000', 1, 1, -62, -35]
['525049494F5400000000000000000000', 1, 1, -62, -57]
['525049494F5400000000000000000000', 1, 1, -62, -38]
['D3396D5F785E67047B67042A2A68ADCA', 14934, 64340, 12, -35]
['525049494F5400000000000000000000', 1, 1, -62, -38]
['525049494F5400000000000000000000', 1, 1, -62, -39]
['525049494F5400000000000000000000', 1, 1, -62, -38]
['525049494F5400000000000000000000', 1, 1, -62, -35]
['D3396D5F785E67047B67042A2A68ADCA', 14934, 64340, 12, -50]
['525049494F5400000000000000000000', 1, 1, -62, -39]
['525049494F5400000000000000000000', 1, 1, -62, -35]
['525049494F5400000000000000000000', 1, 1, -62, -53]
['525049494F5400000000000000000000', 1, 1, -62, -53]
['D3396D5F785E67047B67042A2A68ADCA', 14934, 64340, 12, -40]
['525049494F5400000000000000000000', 1, 1, -62, -35]
['525049494F5400000000000000000000', 1, 1, -62, -53]
['525049494F5400000000000000000000', 1, 1, -62, -36]
['525049494F5400000000000000000000', 1, 1, -62, -53]
['525049494F5400000000000000000000', 1, 1, -62, -35]
['525049494F5400000000000000000000', 1, 1, -62, -53]
['D3396D5F785E67047B67042A2A68ADCA', 14934, 64340, 12, -39]
['525049494F5400000000000000000000', 1, 1, -62, -40]
['525049494F5400000000000000000000', 1, 1, -62, -50]
['525049494F5400000000000000000000', 1, 1, -62, -64]
['525049494F5400000000000000000000', 1, 1, -62, -53]
['525049494F5400000000000000000000', 1, 1, -62, -41]
['525049494F5400000000000000000000', 1, 1, -62, -53]
['D3396D5F785E67047B67042A2A68ADCA', 14934, 64340, 12, -50]
['525049494F5400000000000000000000', 1, 1, -62, -41]
['525049494F5400000000000000000000', 1, 1, -62, -53]
['525049494F5400000000000000000000', 1, 1, -62, -41]
['525049494F5400000000000000000000', 1, 1, -62, -50]
['525049494F5400000000000000000000', 1, 1, -62, -38]
['525049494F5400000000000000000000', 1, 1, -62, -56]
['D3396D5F785E67047B67042A2A68ADCA', 14934, 64340, 12, -56]
['525049494F5400000000000000000000', 1, 1, -62, -38]
['525049494F5400000000000000000000', 1, 1, -62, -41]
['525049494F5400000000000000000000', 1, 1, -62, -50]
['525049494F5400000000000000000000', 1, 1, -62, -38]
['525049494F5400000000000000000000', 1, 1, -62, -50]
['525049494F5400000000000000000000', 1, 1, -62, -40]
['525049494F5400000000000000000000', 1, 1, -62, -54]
['D3396D5F785E67047B67042A2A68ADCA', 14934, 64340, 12, -46]
['525049494F5400000000000000000000', 1, 1, -62, -40]
['525049494F5400000000000000000000', 1, 1, -62, -50]
['525049494F5400000000000000000000', 1, 1, -62, -40]
['525049494F5400000000000000000000', 1, 1, -62, -53]
['525049494F5400000000000000000000', 1, 1, -62, -35]
['525049494F5400000000000000000000', 1, 1, -62, -53]
['D3396D5F785E67047B67042A2A68ADCA', 14934, 64340, 12, -41]
['525049494F5400000000000000000000', 1, 1, -62, -41]
['525049494F5400000000000000000000', 1, 1, -62, -53]
['525049494F5400000000000000000000', 1, 1, -62, -36]
['525049494F5400000000000000000000', 1, 1, -62, -53]
['D3396D5F785E67047B67042A2A68ADCA', 14934, 64340, 12, -53]
['525049494F5400000000000000000000', 1, 1, -62, -53]
['525049494F5400000000000000000000', 1, 1, -62, -36]
['525049494F5400000000000000000000', 1, 1, -62, -53]
['525049494F5400000000000000000000', 1, 1, -62, -36]
['525049494F5400000000000000000000', 1, 1, -62, -40]
['D3396D5F785E67047B67042A2A68ADCA', 14934, 64340, 12, -36]
['525049494F5400000000000000000000', 1, 1, -62, -36]
['525049494F5400000000000000000000', 1, 1, -62, -38]
['525049494F5400000000000000000000', 1, 1, -62, -56]
['525049494F5400000000000000000000', 1, 1, -62, -56]
['525049494F5400000000000000000000', 1, 1, -62, -39]
['D3396D5F785E67047B67042A2A68ADCA', 14934, 64340, 12, -41]
['525049494F5400000000000000000000', 1, 1, -62, -39]
['525049494F5400000000000000000000', 1, 1, -62, -57]
['525049494F5400000000000000000000', 1, 1, -62, -39]
['525049494F5400000000000000000000', 1, 1, -62, -50]
['525049494F5400000000000000000000', 1, 1, -62, -41]
['D3396D5F785E67047B67042A2A68ADCA', 14934, 64340, 12, -57]
['525049494F5400000000000000000000', 1, 1, -62, -53]
['525049494F5400000000000000000000', 1, 1, -62, -41]
['525049494F5400000000000000000000', 1, 1, -62, -53]
['525049494F5400000000000000000000', 1, 1, -62, -41]
['525049494F5400000000000000000000', 1, 1, -62, -50]
['525049494F5400000000000000000000', 1, 1, -62, -41]
['525049494F5400000000000000000000', 1, 1, -62, -50]
['D3396D5F785E67047B67042A2A68ADCA', 14934, 64340, 12, -53]
['525049494F5400000000000000000000', 1, 1, -62, -41]
['525049494F5400000000000000000000', 1, 1, -62, -53]
['525049494F5400000000000000000000', 1, 1, -62, -53]
['525049494F5400000000000000000000', 1, 1, -62, -35]
['525049494F5400000000000000000000', 1, 1, -62, -41]
['D3396D5F785E67047B67042A2A68ADCA', 14934, 64340, 12, -62]
['525049494F5400000000000000000000', 1, 1, -62, -62]
['525049494F5400000000000000000000', 1, 1, -62, -57]
['525049494F5400000000000000000000', 1, 1, -62, -56]
['525049494F5400000000000000000000', 1, 1, -62, -39]
['525049494F5400000000000000000000', 1, 1, -62, -56]
['D3396D5F785E67047B67042A2A68ADCA', 14934, 64340, 12, -41]
['525049494F5400000000000000000000', 1, 1, -62, -39]
['525049494F5400000000000000000000', 1, 1, -62, -35]
['525049494F5400000000000000000000', 1, 1, -62, -38]
['525049494F5400000000000000000000', 1, 1, -62, -36]
['525049494F5400000000000000000000', 1, 1, -62, -39]
['525049494F5400000000000000000000', 1, 1, -62, -50]
['D3396D5F785E67047B67042A2A68ADCA', 14934, 64340, 12, -39]
['525049494F5400000000000000000000', 1, 1, -62, -39]
['525049494F5400000000000000000000', 1, 1, -62, -50]
['525049494F5400000000000000000000', 1, 1, -62, -40]
['525049494F5400000000000000000000', 1, 1, -62, -38]
['525049494F5400000000000000000000', 1, 1, -62, -36]
['525049494F5400000000000000000000', 1, 1, -62, -38]
['D3396D5F785E67047B67042A2A68ADCA', 14934, 64340, 12, -50]
['525049494F5400000000000000000000', 1, 1, -62, -57]
['525049494F5400000000000000000000', 1, 1, -62, -36]
['525049494F5400000000000000000000', 1, 1, -62, -40]
['525049494F5400000000000000000000', 1, 1, -62, -36]
['525049494F5400000000000000000000', 1, 1, -62, -40]
['525049494F5400000000000000000000', 1, 1, -62, -50]
['D3396D5F785E67047B67042A2A68ADCA', 14934, 64340, 12, -40]
['525049494F5400000000000000000000', 1, 1, -62, -41]
['525049494F5400000000000000000000', 1, 1, -62, -53]
['525049494F5400000000000000000000', 1, 1, -62, -53]
['525049494F5400000000000000000000', 1, 1, -62, -41]
['525049494F5400000000000000000000', 1, 1, -62, -53]
['D3396D5F785E67047B67042A2A68ADCA', 14934, 64340, 12, -39]
['525049494F5400000000000000000000', 1, 1, -62, -50]
['525049494F5400000000000000000000', 1, 1, -62, -41]
['525049494F5400000000000000000000', 1, 1, -62, -50]
['525049494F5400000000000000000000', 1, 1, -62, -41]
['525049494F5400000000000000000000', 1, 1, -62, -60]
['525049494F5400000000000000000000', 1, 1, -62, -36]
['D3396D5F785E67047B67042A2A68ADCA', 14934, 64340, 12, -53]
['525049494F5400000000000000000000', 1, 1, -62, -38]
['525049494F5400000000000000000000', 1, 1, -62, -35]
['525049494F5400000000000000000000', 1, 1, -62, -38]
['525049494F5400000000000000000000', 1, 1, -62, -36]
['525049494F5400000000000000000000', 1, 1, -62, -39]
['525049494F5400000000000000000000', 1, 1, -62, -36]
['D3396D5F785E67047B67042A2A68ADCA', 14934, 64340, 12, -35]
['525049494F5400000000000000000000', 1, 1, -62, -39]
['525049494F5400000000000000000000', 1, 1, -62, -36]
['525049494F5400000000000000000000', 1, 1, -62, -53]
['525049494F5400000000000000000000', 1, 1, -62, -40]
['525049494F5400000000000000000000', 1, 1, -62, -50]
['D3396D5F785E67047B67042A2A68ADCA', 14934, 64340, 12, -41]
['525049494F5400000000000000000000', 1, 1, -62, -36]
['525049494F5400000000000000000000', 1, 1, -62, -40]
['525049494F5400000000000000000000', 1, 1, -62, -50]
['525049494F5400000000000000000000', 1, 1, -62, -57]
['525049494F5400000000000000000000', 1, 1, -62, -35]
['525049494F5400000000000000000000', 1, 1, -62, -54]
['D3396D5F785E67047B67042A2A68ADCA', 14934, 64340, 12, -39]
['525049494F5400000000000000000000', 1, 1, -62, -40]
['525049494F5400000000000000000000', 1, 1, -62, -53]
['525049494F5400000000000000000000', 1, 1, -62, -57]
['525049494F5400000000000000000000', 1, 1, -62, -35]
['525049494F5400000000000000000000', 1, 1, -62, -54]
['525049494F5400000000000000000000', 1, 1, -62, -35]
['D3396D5F785E67047B67042A2A68ADCA', 14934, 64340, 12, -38]
['525049494F5400000000000000000000', 1, 1, -62, -53]
['525049494F5400000000000000000000', 1, 1, -62, -35]
['525049494F5400000000000000000000', 1, 1, -62, -38]
['525049494F5400000000000000000000', 1, 1, -62, -57]
['525049494F5400000000000000000000', 1, 1, -62, -38]
['525049494F5400000000000000000000', 1, 1, -62, -57]
['D3396D5F785E67047B67042A2A68ADCA', 14934, 64340, 12, -36]
['525049494F5400000000000000000000', 1, 1, -62, -38]
['525049494F5400000000000000000000', 1, 1, -62, -36]
['525049494F5400000000000000000000', 1, 1, -62, -39]
['525049494F5400000000000000000000', 1, 1, -62, -50]
['525049494F5400000000000000000000', 1, 1, -62, -38]
['525049494F5400000000000000000000', 1, 1, -62, -50]
['D3396D5F785E67047B67042A2A68ADCA', 14934, 64340, 12, -50]
['525049494F5400000000000000000000', 1, 1, -62, -38]
['525049494F5400000000000000000000', 1, 1, -62, -39]
['525049494F5400000000000000000000', 1, 1, -62, -57]
['525049494F5400000000000000000000', 1, 1, -62, -35]
['D3396D5F785E67047B67042A2A68ADCA', 14934, 64340, 12, -41]
['525049494F5400000000000000000000', 1, 1, -62, -54]
['525049494F5400000000000000000000', 1, 1, -62, -35]
['525049494F5400000000000000000000', 1, 1, -62, -63]
['525049494F5400000000000000000000', 1, 1, -62, -36]
['525049494F5400000000000000000000', 1, 1, -62, -57]
['525049494F5400000000000000000000', 1, 1, -62, -39]
['D3396D5F785E67047B67042A2A68ADCA', 14934, 64340, 12, -41]
['525049494F5400000000000000000000', 1, 1, -62, -50]
['525049494F5400000000000000000000', 1, 1, -62, -39]
['525049494F5400000000000000000000', 1, 1, -62, -50]
['525049494F5400000000000000000000', 1, 1, -62, -41]
['525049494F5400000000000000000000', 1, 1, -62, -50]
['525049494F5400000000000000000000', 1, 1, -62, -38]
['D3396D5F785E67047B67042A2A68ADCA', 14934, 64340, 12, -53]
['525049494F5400000000000000000000', 1, 1, -62, -50]
['525049494F5400000000000000000000', 1, 1, -62, -41]
['525049494F5400000000000000000000', 1, 1, -62, -50]
['525049494F5400000000000000000000', 1, 1, -62, -40]
['525049494F5400000000000000000000', 1, 1, -62, -38]
['525049494F5400000000000000000000', 1, 1, -62, -40]
['D3396D5F785E67047B67042A2A68ADCA', 14934, 64340, 12, -35]
['525049494F5400000000000000000000', 1, 1, -62, -50]
['525049494F5400000000000000000000', 1, 1, -62, -41]
['525049494F5400000000000000000000', 1, 1, -62, -50]
['525049494F5400000000000000000000', 1, 1, -62, -40]
['525049494F5400000000000000000000', 1, 1, -62, -50]
['525049494F5400000000000000000000', 1, 1, -62, -40]
['D3396D5F785E67047B67042A2A68ADCA', 14934, 64340, 12, -40]
['525049494F5400000000000000000000', 1, 1, -62, -50]
['525049494F5400000000000000000000', 1, 1, -62, -40]
['525049494F5400000000000000000000', 1, 1, -62, -50]
['525049494F5400000000000000000000', 1, 1, -62, -41]
['525049494F5400000000000000000000', 1, 1, -62, -39]
['525049494F5400000000000000000000', 1, 1, -62, -40]
['D3396D5F785E67047B67042A2A68ADCA', 14934, 64340, 12, -41]
['525049494F5400000000000000000000', 1, 1, -62, -38]
['525049494F5400000000000000000000', 1, 1, -62, -35]
['525049494F5400000000000000000000', 1, 1, -62, -54]
['525049494F5400000000000000000000', 1, 1, -62, -36]
['525049494F5400000000000000000000', 1, 1, -62, -41]
['525049494F5400000000000000000000', 1, 1, -62, -36]
['D3396D5F785E67047B67042A2A68ADCA', 14934, 64340, 12, -50]
['525049494F5400000000000000000000', 1, 1, -62, -36]
['525049494F5400000000000000000000', 1, 1, -62, -53]
['525049494F5400000000000000000000', 1, 1, -62, -53]
['525049494F5400000000000000000000', 1, 1, -62, -36]
['525049494F5400000000000000000000', 1, 1, -62, -54]
['D3396D5F785E67047B67042A2A68ADCA', 14934, 64340, 12, -41]
['525049494F5400000000000000000000', 1, 1, -62, -41]
['525049494F5400000000000000000000', 1, 1, -62, -53]
['525049494F5400000000000000000000', 1, 1, -62, -41]
['525049494F5400000000000000000000', 1, 1, -62, -53]
['525049494F5400000000000000000000', 1, 1, -62, -38]
['D3396D5F785E67047B67042A2A68ADCA', 14934, 64340, 12, -40]
['525049494F5400000000000000000000', 1, 1, -62, -57]
['525049494F5400000000000000000000', 1, 1, -62, -35]
['525049494F5400000000000000000000', 1, 1, -62, -53]
['525049494F5400000000000000000000', 1, 1, -62, -35]
['525049494F5400000000000000000000', 1, 1, -62, -57]
['525049494F5400000000000000000000', 1, 1, -62, -36]
['D3396D5F785E67047B67042A2A68ADCA', 14934, 64340, 12, -38]
['525049494F5400000000000000000000', 1, 1, -62, -57]
['525049494F5400000000000000000000', 1, 1, -62, -36]
['525049494F5400000000000000000000', 1, 1, -62, -38]
['525049494F5400000000000000000000', 1, 1, -62, -57]
['525049494F5400000000000000000000', 1, 1, -62, -38]
['525049494F5400000000000000000000', 1, 1, -62, -39]
['D3396D5F785E67047B67042A2A68ADCA', 14934, 64340, 12, -39]
['525049494F5400000000000000000000', 1, 1, -62, -50]
['525049494F5400000000000000000000', 1, 1, -62, -39]
['525049494F5400000000000000000000', 1, 1, -62, -50]
['525049494F5400000000000000000000', 1, 1, -62, -40]
['525049494F5400000000000000000000', 1, 1, -62, -50]
['525049494F5400000000000000000000', 1, 1, -62, -41]
['D3396D5F785E67047B67042A2A68ADCA', 14934, 64340, 12, -53]
['525049494F5400000000000000000000', 1, 1, -62, -50]
['525049494F5400000000000000000000', 1, 1, -62, -40]
['525049494F5400000000000000000000', 1, 1, -62, -50]
['525049494F5400000000000000000000', 1, 1, -62, -40]
['525049494F5400000000000000000000', 1, 1, -62, -50]
['525049494F5400000000000000000000', 1, 1, -62, -41]
['525049494F5400000000000000000000', 1, 1, -62, -50]
['525049494F5400000000000000000000', 1, 1, -62, -41]
['525049494F5400000000000000000000', 1, 1, -62, -39]
['525049494F5400000000000000000000', 1, 1, -62, -41]
['525049494F5400000000000000000000', 1, 1, -62, -38]
['D3396D5F785E67047B67042A2A68ADCA', 14934, 64340, 12, -57]
['525049494F5400000000000000000000', 1, 1, -62, -54]
['525049494F5400000000000000000000', 1, 1, -62, -57]
['525049494F5400000000000000000000', 1, 1, -62, -38]
['525049494F5400000000000000000000', 1, 1, -62, -36]
['525049494F5400000000000000000000', 1, 1, -62, -38]
['525049494F5400000000000000000000', 1, 1, -62, -57]
['D3396D5F785E67047B67042A2A68ADCA', 14934, 64340, 12, -39]
['525049494F5400000000000000000000', 1, 1, -62, -39]
['525049494F5400000000000000000000', 1, 1, -62, -39]
['525049494F5400000000000000000000', 1, 1, -62, -40]
['525049494F5400000000000000000000', 1, 1, -62, -36]
['D3396D5F785E67047B67042A2A68ADCA', 14934, 64340, 12, -35]
['525049494F5400000000000000000000', 1, 1, -62, -40]
['525049494F5400000000000000000000', 1, 1, -62, -50]
['525049494F5400000000000000000000', 1, 1, -62, -40]
['525049494F5400000000000000000000', 1, 1, -62, -50]
['525049494F5400000000000000000000', 1, 1, -62, -41]
['525049494F5400000000000000000000', 1, 1, -62, -53]

