['525049494F5400000000000000000000', 1, 1, -62, -53]
['525049494F5400000000000000000000', 1, 1, -62, -72]
['D3396D5F785E67047B67042A2A68ADCA', 14934, 64340, 12, -56]
['525049494F5400000000000000000000', 1, 1, -62, -53]
['525049494F5400000000000000000000', 1, 1, -62, -78]
['525049494F5400000000000000000000', 1, 1, -62, -53]
['525049494F5400000000000000000000', 1, 1, -62, -53]
['525049494F5400000000000000000000', 1, 1, -62, -72]
['D3396D5F785E67047B67042A2A68ADCA', 14934, 64340, 12, -78]
['525049494F5400000000000000000000', 1, 1, -62, -83]
['525049494F5400000000000000000000', 1, 1, -62, -78]
['525049494F5400000000000000000000', 1, 1, -62, -53]
['525049494F5400000000000000000000', 1, 1, -62, -68]
['525049494F5400000000000000000000', 1, 1, -62, -53]
['525049494F5400000000000000000000', 1, 1, -62, -65]
['D3396D5F785E67047B67042A2A68ADCA', 14934, 64340, 12, -53]
['525049494F5400000000000000000000', 1, 1, -62, -53]
['525049494F5400000000000000000000', 1, 1, -62, -77]
['525049494F5400000000000000000000', 1, 1, -62, -72]
['525049494F5400000000000000000000', 1, 1, -62, -64]
['D3396D5F785E67047B67042A2A68ADCA', 14934, 64340, 12, -73]
['525049494F5400000000000000000000', 1, 1, -62, -65]
['525049494F5400000000000000000000', 1, 1, -62, -68]
['525049494F5400000000000000000000', 1, 1, -62, -56]
['525049494F5400000000000000000000', 1, 1, -62, -53]
['525049494F5400000000000000000000', 1, 1, -62, -78]
['525049494F5400000000000000000000', 1, 1, -62, -78]
['D3396D5F785E67047B67042A2A68ADCA', 14934, 64340, 12, -78]
['525049494F5400000000000000000000', 1, 1, -62, -56]
['525049494F5400000000000000000000', 1, 1, -62, -78]
['525049494F5400000000000000000000', 1, 1, -62, -56]
['525049494F5400000000000000000000', 1, 1, -62, -67]
['525049494F5400000000000000000000', 1, 1, -62, -56]
['525049494F5400000000000000000000', 1, 1, -62, -78]
['D3396D5F785E67047B67042A2A68ADCA', 14934, 64340, 12, -64]
['525049494F5400000000000000000000', 1, 1, -62, -56]
['525049494F5400000000000000000000', 1, 1, -62, -78]
['525049494F5400000000000000000000', 1, 1, -62, -53]
['525049494F5400000000000000000000', 1, 1, -62, -53]
['525049494F5400000000000000000000', 1, 1, -62, -56]
['D3396D5F785E67047B67042A2A68ADCA', 14934, 64340, 12, -56]
['525049494F5400000000000000000000', 1, 1, -62, -65]
['525049494F5400000000000000000000', 1, 1, -62, -56]
['525049494F5400000000000000000000', 1, 1, -62, -53]
['525049494F5400000000000000000000', 1, 1, -62, -56]
['525049494F5400000000000000000000', 1, 1, -62, -64]
['D3396D5F785E67047B67042A2A68ADCA', 14934, 64340, 12, -72]
['525049494F5400000000000000000000', 1, 1, -62, -53]
['525049494F5400000000000000000000', 1, 1, -62, -64]
['525049494F5400000000000000000000', 1, 1, -62, -72]
['525049494F5400000000000000000000', 1, 1, -62, -64]
['525049494F5400000000000000000000', 1, 1, -62, -71]
['D3396D5F785E67047B67042A2A68ADCA', 14934, 64340, 12, -67]
['525049494F5400000000000000000000', 1, 1, -62, -53]
['525049494F5400000000000000000000', 1, 1, -62, -77]
['525049494F5400000000000000000000', 1, 1, -62, -53]
['525049494F5400000000000000000000', 1, 1, -62, -77]
['525049494F5400000000000000000000', 1, 1, -62, -53]
['525049494F5400000000000000000000', 1, 1, -62, -64]
['525049494F5400000000000000000000', 1, 1, -62, -56]
['D3396D5F785E67047B67042A2A68ADCA', 14934, 64340, 12, -53]
['525049494F5400000000000000000000', 1, 1, -62, -64]
['525049494F5400000000000000000000', 1, 1, -62, -56]
['525049494F5400000000000000000000', 1, 1, -62, -67]
['525049494F5400000000000000000000', 1, 1, -62, -56]
['525049494F5400000000000000000000', 1, 1, -62, -53]
['D3396D5F785E67047B67042A2A68ADCA', 14934, 64340, 12, -53]
['525049494F5400000000000000000000', 1, 1, -62, -77]
['525049494F5400000000000000000000', 1, 1, -62, -53]
['525049494F5400000000000000000000', 1, 1, -62, -57]
['525049494F5400000000000000000000', 1, 1, -62, -67]
['525049494F5400000000000000000000', 1, 1, -62, -56]
['525049494F5400000000000000000000', 1, 1, -62, -68]
['D3396D5F785E67047B67042A2A68ADCA', 14934, 64340, 12, -71]
['525049494F5400000000000000000000', 1, 1, -62, -56]
['525049494F5400000000000000000000', 1, 1, -62, -78]
['525049494F5400000000000000000000', 1, 1, -62, -77]
['525049494F5400000000000000000000', 1, 1, -62, -56]
['525049494F5400000000000000000000', 1, 1, -62, -78]
['525049494F5400000000000000000000', 1, 1, -62, -56]
['525049494F5400000000000000000000', 1, 1, -62, -67]
['525049494F5400000000000000000000', 1, 1, -62, -66]
['525049494F5400000000000000000000', 1, 1, -62, -66]
['D3396D5F785E67047B67042A2A68ADCA', 14934, 64340, 12, -53]
['525049494F5400000000000000000000', 1, 1, -62, -64]
['525049494F5400000000000000000000', 1, 1, -62, -67]
['525049494F5400000000000000000000', 1, 1, -62, -63]
['525049494F5400000000000000000000', 1, 1, -62, -68]
['525049494F5400000000000000000000', 1, 1, -62, -56]
['525049494F5400000000000000000000', 1, 1, -62, -67]
['525049494F5400000000000000000000', 1, 1, -62, -64]
['525049494F5400000000000000000000', 1, 1, -62, -89]
['525049494F5400000000000000000000', 1, 1, -62, -67]
['525049494F5400000000000000000000', 1, 1, -62, -64]
['525049494F5400000000000000000000', 1, 1, -62, -53]
['525049494F5400000000000000000000', 1, 1, -62, -64]
['D3396D5F785E67047B67042A2A68ADCA', 14934, 64340, 12, -64]
['525049494F5400000000000000000000', 1, 1, -62, -77]
['525049494F5400000000000000000000', 1, 1, -62, -56]
['525049494F5400000000000000000000', 1, 1, -62, -77]
['525049494F5400000000000000000000', 1, 1, -62, -53]
['525049494F5400000000000000000000', 1, 1, -62, -56]
['D3396D5F785E67047B67042A2A68ADCA', 14934, 64340, 12, -77]
['525049494F5400000000000000000000', 1, 1, -62, -64]
['525049494F5400000000000000000000', 1, 1, -62, -53]
['525049494F5400000000000000000000', 1, 1, -62, -77]
['525049494F5400000000000000000000', 1, 1, -62, -64]
['D3396D5F785E67047B67042A2A68ADCA', 14934, 64340, 12, -53]
['525049494F5400000000000000000000', 1, 1, -62, -67]
['01000157E000D569420B02011A07FF4C', 16, 522, 0, -89]
['525049494F5400000000000000000000', 1, 1, -62, -56]
['525049494F5400000000000000000000', 1, 1, -62, -53]
['525049494F5400000000000000000000', 1, 1, -62, -53]
['D3396D5F785E67047B67042A2A68ADCA', 14934, 64340, 12, -57]
['525049494F5400000000000000000000', 1, 1, -62, -53]
['525049494F5400000000000000000000', 1, 1, -62, -72]
['525049494F5400000000000000000000', 1, 1, -62, -53]
['525049494F5400000000000000000000', 1, 1, -62, -53]
['525049494F5400000000000000000000', 1, 1, -62, -57]
['525049494F5400000000000000000000', 1, 1, -62, -68]
['D3396D5F785E67047B67042A2A68ADCA', 14934, 64340, 12, -56]
['525049494F5400000000000000000000', 1, 1, -62, -64]
['525049494F5400000000000000000000', 1, 1, -62, -67]
['525049494F5400000000000000000000', 1, 1, -62, -65]
['525049494F5400000000000000000000', 1, 1, -62, -71]
['525049494F5400000000000000000000', 1, 1, -62, -79]
['525049494F5400000000000000000000', 1, 1, -62, -56]
['D3396D5F785E67047B67042A2A68ADCA', 14934, 64340, 12, -65]
['525049494F5400000000000000000000', 1, 1, -62, -66]
['525049494F5400000000000000000000', 1, 1, -62, -65]
['525049494F5400000000000000000000', 1, 1, -62, -68]
['525049494F5400000000000000000000', 1, 1, -62, -72]
['525049494F5400000000000000000000', 1, 1, -62, -53]
['D3396D5F785E67047B67042A2A68ADCA', 14934, 64340, 12, -67]
['525049494F5400000000000000000000', 1, 1, -62, -71]
['525049494F5400000000000000000000', 1, 1, -62, -53]
['525049494F5400000000000000000000', 1, 1, -62, -71]
['525049494F5400000000000000000000', 1, 1, -62, -53]
['525049494F5400000000000000000000', 1, 1, -62, -77]
['D3396D5F785E67047B67042A2A68ADCA', 14934, 64340, 12, -67]
['01000157E000D569420B02011A07FF4C', 16, 522, 0, -100]
['525049494F5400000000000000000000', 1, 1, -62, -77]
['525049494F5400000000000000000000', 1, 1, -62, -53]
['525049494F5400000000000000000000', 1, 1, -62, -72]
['525049494F5400000000000000000000', 1, 1, -62, -53]
['525049494F5400000000000000000000', 1, 1, -62, -56]
['D3396D5F785E67047B67042A2A68ADCA', 14934, 64340, 12, -56]
['525049494F5400000000000000000000', 1, 1, -62, -53]
['525049494F5400000000000000000000', 1, 1, -62, -72]
['01000157E000D569420B02011A07FF4C', 16, 522, 0, -89]
['525049494F5400000000000000000000', 1, 1, -62, -53]
['525049494F5400000000000000000000', 1, 1, -62, -56]
['01000157E000D569420B02011A07FF4C', 16, 522, 0, -86]
['525049494F5400000000000000000000', 1, 1, -62, -63]
['D3396D5F785E67047B67042A2A68ADCA', 14934, 64340, 12, -57]
['525049494F5400000000000000000000', 1, 1, -62, -66]
['525049494F5400000000000000000000', 1, 1, -62, -71]
['525049494F5400000000000000000000', 1, 1, -62, -63]
['525049494F5400000000000000000000', 1, 1, -62, -63]
['D3396D5F785E67047B67042A2A68ADCA', 14934, 64340, 12, -77]
['01000157E000D569420B02011A07FF4C', 16, 522, 0, -100]
['525049494F5400000000000000000000', 1, 1, -62, -67]
['525049494F5400000000000000000000', 1, 1, -62, -53]
['525049494F5400000000000000000000', 1, 1, -62, -57]
['525049494F5400000000000000000000', 1, 1, -62, -53]
['525049494F5400000000000000000000', 1, 1, -62, -56]
['01000157E000D569420B02011A07FF4C', 16, 522, 0, -100]
['525049494F5400000000000000000000', 1, 1, -62, -53]
['D3396D5F785E67047B67042A2A68ADCA', 14934, 64340, 12, -64]
['525049494F5400000000000000000000', 1, 1, -62, -72]
['525049494F5400000000000000000000', 1, 1, -62, -64]
['525049494F5400000000000000000000', 1, 1, -62, -71]
['525049494F5400000000000000000000', 1, 1, -62, -56]
['525049494F5400000000000000000000', 1, 1, -62, -67]
['525049494F5400000000000000000000', 1, 1, -62, -66]
['525049494F5400000000000000000000', 1, 1, -62, -56]
['525049494F5400000000000000000000', 1, 1, -62, -66]
['525049494F5400000000000000000000', 1, 1, -62, -56]
['525049494F5400000000000000000000', 1, 1, -62, -77]
['D3396D5F785E67047B67042A2A68ADCA', 14934, 64340, 12, -56]
['525049494F5400000000000000000000', 1, 1, -62, -67]
['01000157E000D569420B02011A07FF4C', 16, 522, 0, -98]
['525049494F5400000000000000000000', 1, 1, -62, -79]
['525049494F5400000000000000000000', 1, 1, -62, -66]
['525049494F5400000000000000000000', 1, 1, -62, -85]
['01000157E000D569420B02011A07FF4C', 16, 522, 0, -89]
['525049494F5400000000000000000000', 1, 1, -62, -66]
['D3396D5F785E67047B67042A2A68ADCA', 14934, 64340, 12, -77]
['525049494F5400000000000000000000', 1, 1, -62, -67]
['525049494F5400000000000000000000', 1, 1, -62, -67]
['525049494F5400000000000000000000', 1, 1, -62, -53]
['525049494F5400000000000000000000', 1, 1, -62, -64]
['525049494F5400000000000000000000', 1, 1, -62, -56]
['D3396D5F785E67047B67042A2A68ADCA', 14934, 64340, 12, -68]
['525049494F5400000000000000000000', 1, 1, -62, -67]
['525049494F5400000000000000000000', 1, 1, -62, -64]
['525049494F5400000000000000000000', 1, 1, -62, -53]
['525049494F5400000000000000000000', 1, 1, -62, -78]
['525049494F5400000000000000000000', 1, 1, -62, -56]
['525049494F5400000000000000000000', 1, 1, -62, -68]
['D3396D5F785E67047B67042A2A68ADCA', 14934, 64340, 12, -56]
['525049494F5400000000000000000000', 1, 1, -62, -56]
['525049494F5400000000000000000000', 1, 1, -62, -77]
['525049494F5400000000000000000000', 1, 1, -62, -53]
['525049494F5400000000000000000000', 1, 1, -62, -54]
['D3396D5F785E67047B67042A2A68ADCA', 14934, 64340, 12, -56]
['525049494F5400000000000000000000', 1, 1, -62, -53]
['525049494F5400000000000000000000', 1, 1, -62, -78]
['525049494F5400000000000000000000', 1, 1, -62, -53]
['525049494F5400000000000000000000', 1, 1, -62, -56]
['525049494F5400000000000000000000', 1, 1, -62, -78]
['D3396D5F785E67047B67042A2A68ADCA', 14934, 64340, 12, -77]
['525049494F5400000000000000000000', 1, 1, -62, -53]
['525049494F5400000000000000000000', 1, 1, -62, -77]
['525049494F5400000000000000000000', 1, 1, -62, -53]
['525049494F5400000000000000000000', 1, 1, -62, -78]
['525049494F5400000000000000000000', 1, 1, -62, -53]
['D3396D5F785E67047B67042A2A68ADCA', 14934, 64340, 12, -68]
['525049494F5400000000000000000000', 1, 1, -62, -53]
['525049494F5400000000000000000000', 1, 1, -62, -72]
['525049494F5400000000000000000000', 1, 1, -62, -53]
['525049494F5400000000000000000000', 1, 1, -62, -72]
['525049494F5400000000000000000000', 1, 1, -62, -77]
['525049494F5400000000000000000000', 1, 1, -62, -79]
['D3396D5F785E67047B67042A2A68ADCA', 14934, 64340, 12, -72]
['525049494F5400000000000000000000', 1, 1, -62, -54]
['525049494F5400000000000000000000', 1, 1, -62, -56]
['525049494F5400000000000000000000', 1, 1, -62, -53]
['525049494F5400000000000000000000', 1, 1, -62, -72]
['525049494F5400000000000000000000', 1, 1, -62, -53]
['525049494F5400000000000000000000', 1, 1, -62, -56]
['525049494F5400000000000000000000', 1, 1, -62, -53]
['D3396D5F785E67047B67042A2A68ADCA', 14934, 64340, 12, -56]
['525049494F5400000000000000000000', 1, 1, -62, -72]
['525049494F5400000000000000000000', 1, 1, -62, -53]
['525049494F5400000000000000000000', 1, 1, -62, -67]
['525049494F5400000000000000000000', 1, 1, -62, -67]
['525049494F5400000000000000000000', 1, 1, -62, -56]
['525049494F5400000000000000000000', 1, 1, -62, -68]
['D3396D5F785E67047B67042A2A68ADCA', 14934, 64340, 12, -63]
['525049494F5400000000000000000000', 1, 1, -62, -64]
['525049494F5400000000000000000000', 1, 1, -62, -63]
['525049494F5400000000000000000000', 1, 1, -62, -72]
['525049494F5400000000000000000000', 1, 1, -62, -63]
['525049494F5400000000000000000000', 1, 1, -62, -72]
['D3396D5F785E67047B67042A2A68ADCA', 14934, 64340, 12, -68]
['525049494F5400000000000000000000', 1, 1, -62, -64]
['525049494F5400000000000000000000', 1, 1, -62, -53]
['525049494F5400000000000000000000', 1, 1, -62, -56]
['525049494F5400000000000000000000', 1, 1, -62, -68]
['D3396D5F785E67047B67042A2A68ADCA', 14934, 64340, 12, -53]
['525049494F5400000000000000000000', 1, 1, -62, -56]
['525049494F5400000000000000000000', 1, 1, -62, -68]
['525049494F5400000000000000000000', 1, 1, -62, -64]
['525049494F5400000000000000000000', 1, 1, -62, -68]
['525049494F5400000000000000000000', 1, 1, -62, -68]
['525049494F5400000000000000000000', 1, 1, -62, -64]
['D3396D5F785E67047B67042A2A68ADCA', 14934, 64340, 12, -54]
['525049494F5400000000000000000000', 1, 1, -62, -64]
['525049494F5400000000000000000000', 1, 1, -62, -68]
['525049494F5400000000000000000000', 1, 1, -62, -56]
['525049494F5400000000000000000000', 1, 1, -62, -56]
['525049494F5400000000000000000000', 1, 1, -62, -77]
['525049494F5400000000000000000000', 1, 1, -62, -56]
['525049494F5400000000000000000000', 1, 1, -62, -53]
['525049494F5400000000000000000000', 1, 1, -62, -56]
['525049494F5400000000000000000000', 1, 1, -62, -64]
['525049494F5400000000000000000000', 1, 1, -62, -56]
['D3396D5F785E67047B67042A2A68ADCA', 14934, 64340, 12, -72]
['525049494F5400000000000000000000', 1, 1, -62, -77]
['525049494F5400000000000000000000', 1, 1, -62, -56]
['525049494F5400000000000000000000', 1, 1, -62, -56]
['525049494F5400000000000000000000', 1, 1, -62, -56]
['D3396D5F785E67047B67042A2A68ADCA', 14934, 64340, 12, -65]
['525049494F5400000000000000000000', 1, 1, -62, -68]
['525049494F5400000000000000000000', 1, 1, -62, -56]
['525049494F5400000000000000000000', 1, 1, -62, -68]
['525049494F5400000000000000000000', 1, 1, -62, -64]
['525049494F5400000000000000000000', 1, 1, -62, -64]
['525049494F5400000000000000000000', 1, 1, -62, -72]
['525049494F5400000000000000000000', 1, 1, -62, -64]
['525049494F5400000000000000000000', 1, 1, -62, -56]
['525049494F5400000000000000000000', 1, 1, -62, -68]
['525049494F5400000000000000000000', 1, 1, -62, -56]
['525049494F5400000000000000000000', 1, 1, -62, -68]
['525049494F5400000000000000000000', 1, 1, -62, -67]
['525049494F5400000000000000000000', 1, 1, -62, -68]
['525049494F5400000000000000000000', 1, 1, -62, -64]
['525049494F5400000000000000000000', 1, 1, -62, -63]
['525049494F5400000000000000000000', 1, 1, -62, -72]
['D3396D5F785E67047B67042A2A68ADCA', 14934, 64340, 12, -56]
['525049494F5400000000000000000000', 1, 1, -62, -64]
['525049494F5400000000000000000000', 1, 1, -62, -56]
['525049494F5400000000000000000000', 1, 1, -62, -67]
