['525049494F5400000000000000000000', 1, 1, -62, -60]
['D3396D5F785E67047B67042A2A68ADCA', 14934, 64340, 12, -52]
['525049494F5400000000000000000000', 1, 1, -62, -73]
['525049494F5400000000000000000000', 1, 1, -62, -60]
['525049494F5400000000000000000000', 1, 1, -62, -74]
['525049494F5400000000000000000000', 1, 1, -62, -59]
['525049494F5400000000000000000000', 1, 1, -62, -73]
['D3396D5F785E67047B67042A2A68ADCA', 14934, 64340, 12, -67]
['525049494F5400000000000000000000', 1, 1, -62, -59]
['525049494F5400000000000000000000', 1, 1, -62, -59]
['525049494F5400000000000000000000', 1, 1, -62, -67]
['525049494F5400000000000000000000', 1, 1, -62, -59]
['525049494F5400000000000000000000', 1, 1, -62, -67]
['D3396D5F785E67047B67042A2A68ADCA', 14934, 64340, 12, -60]
['525049494F5400000000000000000000', 1, 1, -62, -61]
['525049494F5400000000000000000000', 1, 1, -62, -67]
['525049494F5400000000000000000000', 1, 1, -62, -61]
['525049494F5400000000000000000000', 1, 1, -62, -67]
['525049494F5400000000000000000000', 1, 1, -62, -61]
['525049494F5400000000000000000000', 1, 1, -62, -67]
['D3396D5F785E67047B67042A2A68ADCA', 14934, 64340, 12, -90]
['525049494F5400000000000000000000', 1, 1, -62, -61]
['525049494F5400000000000000000000', 1, 1, -62, -67]
['525049494F5400000000000000000000', 1, 1, -62, -60]
['525049494F5400000000000000000000', 1, 1, -62, -66]
['525049494F5400000000000000000000', 1, 1, -62, -59]
['D3396D5F785E67047B67042A2A68ADCA', 14934, 64340, 12, -52]
['525049494F5400000000000000000000', 1, 1, -62, -66]
['525049494F5400000000000000000000', 1, 1, -62, -60]
['525049494F5400000000000000000000', 1, 1, -62, -67]
['525049494F5400000000000000000000', 1, 1, -62, -65]
['525049494F5400000000000000000000', 1, 1, -62, -61]
['525049494F5400000000000000000000', 1, 1, -62, -67]
['525049494F5400000000000000000000', 1, 1, -62, -61]
['525049494F5400000000000000000000', 1, 1, -62, -61]
['525049494F5400000000000000000000', 1, 1, -62, -61]
['525049494F5400000000000000000000', 1, 1, -62, -61]
['D3396D5F785E67047B67042A2A68ADCA', 14934, 64340, 12, -66]
['525049494F5400000000000000000000', 1, 1, -62, -68]
['525049494F5400000000000000000000', 1, 1, -62, -61]
['525049494F5400000000000000000000', 1, 1, -62, -74]
['525049494F5400000000000000000000', 1, 1, -62, -61]
['525049494F5400000000000000000000', 1, 1, -62, -67]
['525049494F5400000000000000000000', 1, 1, -62, -61]
['D3396D5F785E67047B67042A2A68ADCA', 14934, 64340, 12, -53]
['525049494F5400000000000000000000', 1, 1, -62, -65]
['525049494F5400000000000000000000', 1, 1, -62, -62]
['525049494F5400000000000000000000', 1, 1, -62, -62]
['525049494F5400000000000000000000', 1, 1, -62, -67]
['525049494F5400000000000000000000', 1, 1, -62, -61]
['D3396D5F785E67047B67042A2A68ADCA', 14934, 64340, 12, -77]
['525049494F5400000000000000000000', 1, 1, -62, -67]
['525049494F5400000000000000000000', 1, 1, -62, -61]
['525049494F5400000000000000000000', 1, 1, -62, -62]
['525049494F5400000000000000000000', 1, 1, -62, -62]
['525049494F5400000000000000000000', 1, 1, -62, -52]
['D3396D5F785E67047B67042A2A68ADCA', 14934, 64340, 12, -76]
['525049494F5400000000000000000000', 1, 1, -62, -75]
['525049494F5400000000000000000000', 1, 1, -62, -52]
['525049494F5400000000000000000000', 1, 1, -62, -61]
['525049494F5400000000000000000000', 1, 1, -62, -62]
['525049494F5400000000000000000000', 1, 1, -62, -61]
['D3396D5F785E67047B67042A2A68ADCA', 14934, 64340, 12, -61]
['525049494F5400000000000000000000', 1, 1, -62, -87]
['525049494F5400000000000000000000', 1, 1, -62, -62]
['D3396D5F785E67047B67042A2A68ADCA', 14934, 64340, 12, -53]
['525049494F5400000000000000000000', 1, 1, -62, -62]
['525049494F5400000000000000000000', 1, 1, -62, -67]
['525049494F5400000000000000000000', 1, 1, -62, -61]
['525049494F5400000000000000000000', 1, 1, -62, -67]
['525049494F5400000000000000000000', 1, 1, -62, -60]
['525049494F5400000000000000000000', 1, 1, -62, -67]
['D3396D5F785E67047B67042A2A68ADCA', 14934, 64340, 12, -76]
['525049494F5400000000000000000000', 1, 1, -62, -62]
['525049494F5400000000000000000000', 1, 1, -62, -77]
['525049494F5400000000000000000000', 1, 1, -62, -52]
['525049494F5400000000000000000000', 1, 1, -62, -77]
['525049494F5400000000000000000000', 1, 1, -62, -52]
['525049494F5400000000000000000000', 1, 1, -62, -76]
['D3396D5F785E67047B67042A2A68ADCA', 14934, 64340, 12, -61]
['525049494F5400000000000000000000', 1, 1, -62, -62]
['525049494F5400000000000000000000', 1, 1, -62, -77]
['525049494F5400000000000000000000', 1, 1, -62, -53]
['525049494F5400000000000000000000', 1, 1, -62, -75]
['525049494F5400000000000000000000', 1, 1, -62, -60]
['525049494F5400000000000000000000', 1, 1, -62, -67]
['525049494F5400000000000000000000', 1, 1, -62, -61]
['D3396D5F785E67047B67042A2A68ADCA', 14934, 64340, 12, -52]
['525049494F5400000000000000000000', 1, 1, -62, -75]
['525049494F5400000000000000000000', 1, 1, -62, -60]
['525049494F5400000000000000000000', 1, 1, -62, -61]
['525049494F5400000000000000000000', 1, 1, -62, -67]
['525049494F5400000000000000000000', 1, 1, -62, -61]
['D3396D5F785E67047B67042A2A68ADCA', 14934, 64340, 12, -67]
['525049494F5400000000000000000000', 1, 1, -62, -76]
['525049494F5400000000000000000000', 1, 1, -62, -61]
['525049494F5400000000000000000000', 1, 1, -62, -75]
['525049494F5400000000000000000000', 1, 1, -62, -52]
['525049494F5400000000000000000000', 1, 1, -62, -52]
['D3396D5F785E67047B67042A2A68ADCA', 14934, 64340, 12, -76]
['525049494F5400000000000000000000', 1, 1, -62, -75]
['525049494F5400000000000000000000', 1, 1, -62, -61]
['525049494F5400000000000000000000', 1, 1, -62, -62]
['525049494F5400000000000000000000', 1, 1, -62, -61]
['525049494F5400000000000000000000', 1, 1, -62, -62]
['525049494F5400000000000000000000', 1, 1, -62, -52]
['D3396D5F785E67047B67042A2A68ADCA', 14934, 64340, 12, -62]
['525049494F5400000000000000000000', 1, 1, -62, -75]
['525049494F5400000000000000000000', 1, 1, -62, -62]
['525049494F5400000000000000000000', 1, 1, -62, -52]
['525049494F5400000000000000000000', 1, 1, -62, -76]
['D3396D5F785E67047B67042A2A68ADCA', 14934, 64340, 12, -82]
['525049494F5400000000000000000000', 1, 1, -62, -53]
['525049494F5400000000000000000000', 1, 1, -62, -76]
['525049494F5400000000000000000000', 1, 1, -62, -52]
['525049494F5400000000000000000000', 1, 1, -62, -76]
['525049494F5400000000000000000000', 1, 1, -62, -52]
['525049494F5400000000000000000000', 1, 1, -62, -75]
['525049494F5400000000000000000000', 1, 1, -62, -52]
['D3396D5F785E67047B67042A2A68ADCA', 14934, 64340, 12, -77]
['525049494F5400000000000000000000', 1, 1, -62, -76]
['525049494F5400000000000000000000', 1, 1, -62, -53]
['525049494F5400000000000000000000', 1, 1, -62, -61]
['525049494F5400000000000000000000', 1, 1, -62, -62]
['525049494F5400000000000000000000', 1, 1, -62, -52]
['525049494F5400000000000000000000', 1, 1, -62, -75]
['D3396D5F785E67047B67042A2A68ADCA', 14934, 64340, 12, -62]
['525049494F5400000000000000000000', 1, 1, -62, -61]
['525049494F5400000000000000000000', 1, 1, -62, -75]
['525049494F5400000000000000000000', 1, 1, -62, -62]
['525049494F5400000000000000000000', 1, 1, -62, -52]
['525049494F5400000000000000000000', 1, 1, -62, -62]
['D3396D5F785E67047B67042A2A68ADCA', 14934, 64340, 12, -53]
['525049494F5400000000000000000000', 1, 1, -62, -52]
['525049494F5400000000000000000000', 1, 1, -62, -62]
['525049494F5400000000000000000000', 1, 1, -62, -77]
['525049494F5400000000000000000000', 1, 1, -62, -52]
['525049494F5400000000000000000000', 1, 1, -62, -76]
['525049494F5400000000000000000000', 1, 1, -62, -52]
['D3396D5F785E67047B67042A2A68ADCA', 14934, 64340, 12, -61]
['525049494F5400000000000000000000', 1, 1, -62, -62]
['525049494F5400000000000000000000', 1, 1, -62, -62]
['525049494F5400000000000000000000', 1, 1, -62, -61]
['525049494F5400000000000000000000', 1, 1, -62, -67]
['D3396D5F785E67047B67042A2A68ADCA', 14934, 64340, 12, -60]
['525049494F5400000000000000000000', 1, 1, -62, -65]
['525049494F5400000000000000000000', 1, 1, -62, -61]
['525049494F5400000000000000000000', 1, 1, -62, -65]
['525049494F5400000000000000000000', 1, 1, -62, -62]
['525049494F5400000000000000000000', 1, 1, -62, -62]
['D3396D5F785E67047B67042A2A68ADCA', 14934, 64340, 12, -62]
['525049494F5400000000000000000000', 1, 1, -62, -77]
['525049494F5400000000000000000000', 1, 1, -62, -62]
['525049494F5400000000000000000000', 1, 1, -62, -76]
['525049494F5400000000000000000000', 1, 1, -62, -83]
['525049494F5400000000000000000000', 1, 1, -62, -76]
['525049494F5400000000000000000000', 1, 1, -62, -62]
['D3396D5F785E67047B67042A2A68ADCA', 14934, 64340, 12, -67]
['525049494F5400000000000000000000', 1, 1, -62, -76]
['525049494F5400000000000000000000', 1, 1, -62, -76]
['525049494F5400000000000000000000', 1, 1, -62, -62]
['525049494F5400000000000000000000', 1, 1, -62, -61]
['525049494F5400000000000000000000', 1, 1, -62, -75]
['D3396D5F785E67047B67042A2A68ADCA', 14934, 64340, 12, -76]
['525049494F5400000000000000000000', 1, 1, -62, -60]
['525049494F5400000000000000000000', 1, 1, -62, -67]
['525049494F5400000000000000000000', 1, 1, -62, -61]
['525049494F5400000000000000000000', 1, 1, -62, -77]
['525049494F5400000000000000000000', 1, 1, -62, -61]
['525049494F5400000000000000000000', 1, 1, -62, -66]
['D3396D5F785E67047B67042A2A68ADCA', 14934, 64340, 12, -62]
['525049494F5400000000000000000000', 1, 1, -62, -69]
['525049494F5400000000000000000000', 1, 1, -62, -76]
['525049494F5400000000000000000000', 1, 1, -62, -60]
['525049494F5400000000000000000000', 1, 1, -62, -67]
['525049494F5400000000000000000000', 1, 1, -62, -61]
['525049494F5400000000000000000000', 1, 1, -62, -67]
['D3396D5F785E67047B67042A2A68ADCA', 14934, 64340, 12, -52]
['525049494F5400000000000000000000', 1, 1, -62, -75]
['525049494F5400000000000000000000', 1, 1, -62, -52]
['525049494F5400000000000000000000', 1, 1, -62, -62]
['525049494F5400000000000000000000', 1, 1, -62, -60]
['D3396D5F785E67047B67042A2A68ADCA', 14934, 64340, 12, -52]
['525049494F5400000000000000000000', 1, 1, -62, -62]
['525049494F5400000000000000000000', 1, 1, -62, -77]
['525049494F5400000000000000000000', 1, 1, -62, -76]
['D3396D5F785E67047B67042A2A68ADCA', 14934, 64340, 12, -76]
['525049494F5400000000000000000000', 1, 1, -62, -52]
['525049494F5400000000000000000000', 1, 1, -62, -76]
['525049494F5400000000000000000000', 1, 1, -62, -52]
['525049494F5400000000000000000000', 1, 1, -62, -76]
['525049494F5400000000000000000000', 1, 1, -62, -61]
['525049494F5400000000000000000000', 1, 1, -62, -61]
['D3396D5F785E67047B67042A2A68ADCA', 14934, 64340, 12, -75]
['525049494F5400000000000000000000', 1, 1, -62, -60]
['525049494F5400000000000000000000', 1, 1, -62, -52]
['525049494F5400000000000000000000', 1, 1, -62, -61]
['525049494F5400000000000000000000', 1, 1, -62, -61]
['D3396D5F785E67047B67042A2A68ADCA', 14934, 64340, 12, -67]
['525049494F5400000000000000000000', 1, 1, -62, -67]
['525049494F5400000000000000000000', 1, 1, -62, -61]
['525049494F5400000000000000000000', 1, 1, -62, -67]
['525049494F5400000000000000000000', 1, 1, -62, -61]
['525049494F5400000000000000000000', 1, 1, -62, -53]
['525049494F5400000000000000000000', 1, 1, -62, -61]
['525049494F5400000000000000000000', 1, 1, -62, -60]
['D3396D5F785E67047B67042A2A68ADCA', 14934, 64340, 12, -76]
['525049494F5400000000000000000000', 1, 1, -62, -76]
['525049494F5400000000000000000000', 1, 1, -62, -75]
['525049494F5400000000000000000000', 1, 1, -62, -52]
['525049494F5400000000000000000000', 1, 1, -62, -75]
['525049494F5400000000000000000000', 1, 1, -62, -52]
['D3396D5F785E67047B67042A2A68ADCA', 14934, 64340, 12, -62]
['525049494F5400000000000000000000', 1, 1, -62, -75]
['525049494F5400000000000000000000', 1, 1, -62, -75]
['525049494F5400000000000000000000', 1, 1, -62, -52]
['525049494F5400000000000000000000', 1, 1, -62, -76]
['525049494F5400000000000000000000', 1, 1, -62, -52]
['D3396D5F785E67047B67042A2A68ADCA', 14934, 64340, 12, -61]
['525049494F5400000000000000000000', 1, 1, -62, -75]
['525049494F5400000000000000000000', 1, 1, -62, -52]
['525049494F5400000000000000000000', 1, 1, -62, -75]
['525049494F5400000000000000000000', 1, 1, -62, -75]
['D3396D5F785E67047B67042A2A68ADCA', 14934, 64340, 12, -67]
['525049494F5400000000000000000000', 1, 1, -62, -75]
['525049494F5400000000000000000000', 1, 1, -62, -60]
['525049494F5400000000000000000000', 1, 1, -62, -66]
['525049494F5400000000000000000000', 1, 1, -62, -60]
['525049494F5400000000000000000000', 1, 1, -62, -52]
['525049494F5400000000000000000000', 1, 1, -62, -61]
['525049494F5400000000000000000000', 1, 1, -62, -52]
['D3396D5F785E67047B67042A2A68ADCA', 14934, 64340, 12, -76]
['525049494F5400000000000000000000', 1, 1, -62, -61]
['525049494F5400000000000000000000', 1, 1, -62, -61]
['525049494F5400000000000000000000', 1, 1, -62, -60]
['525049494F5400000000000000000000', 1, 1, -62, -53]
['525049494F5400000000000000000000', 1, 1, -62, -61]
['525049494F5400000000000000000000', 1, 1, -62, -53]
['525049494F5400000000000000000000', 1, 1, -62, -60]
['525049494F5400000000000000000000', 1, 1, -62, -52]
['525049494F5400000000000000000000', 1, 1, -62, -77]
['525049494F5400000000000000000000', 1, 1, -62, -76]
['525049494F5400000000000000000000', 1, 1, -62, -76]
['525049494F5400000000000000000000', 1, 1, -62, -52]
['D3396D5F785E67047B67042A2A68ADCA', 14934, 64340, 12, -52]
['525049494F5400000000000000000000', 1, 1, -62, -76]
['525049494F5400000000000000000000', 1, 1, -62, -61]
['525049494F5400000000000000000000', 1, 1, -62, -53]
['525049494F5400000000000000000000', 1, 1, -62, -60]
['525049494F5400000000000000000000', 1, 1, -62, -61]
['D3396D5F785E67047B67042A2A68ADCA', 14934, 64340, 12, -61]
['525049494F5400000000000000000000', 1, 1, -62, -52]
['525049494F5400000000000000000000', 1, 1, -62, -62]
['525049494F5400000000000000000000', 1, 1, -62, -76]
['525049494F5400000000000000000000', 1, 1, -62, -52]
['D3396D5F785E67047B67042A2A68ADCA', 14934, 64340, 12, -75]
['525049494F5400000000000000000000', 1, 1, -62, -74]
['525049494F5400000000000000000000', 1, 1, -62, -53]
['525049494F5400000000000000000000', 1, 1, -62, -61]
['525049494F5400000000000000000000', 1, 1, -62, -62]
['525049494F5400000000000000000000', 1, 1, -62, -60]
['525049494F5400000000000000000000', 1, 1, -62, -60]
['D3396D5F785E67047B67042A2A68ADCA', 14934, 64340, 12, -52]
['525049494F5400000000000000000000', 1, 1, -62, -52]
['525049494F5400000000000000000000', 1, 1, -62, -60]
['525049494F5400000000000000000000', 1, 1, -62, -53]
['525049494F5400000000000000000000', 1, 1, -62, -60]
['525049494F5400000000000000000000', 1, 1, -62, -53]
['D3396D5F785E67047B67042A2A68ADCA', 14934, 64340, 12, -60]
['525049494F5400000000000000000000', 1, 1, -62, -52]
['525049494F5400000000000000000000', 1, 1, -62, -52]
['525049494F5400000000000000000000', 1, 1, -62, -75]
['525049494F5400000000000000000000', 1, 1, -62, -61]
['525049494F5400000000000000000000', 1, 1, -62, -52]
['D3396D5F785E67047B67042A2A68ADCA', 14934, 64340, 12, -52]
['525049494F5400000000000000000000', 1, 1, -62, -61]
['525049494F5400000000000000000000', 1, 1, -62, -76]
['525049494F5400000000000000000000', 1, 1, -62, -75]
['525049494F5400000000000000000000', 1, 1, -62, -52]
['525049494F5400000000000000000000', 1, 1, -62, -61]
['D3396D5F785E67047B67042A2A68ADCA', 14934, 64340, 12, -52]
['525049494F5400000000000000000000', 1, 1, -62, -67]
['525049494F5400000000000000000000', 1, 1, -62, -63]
['525049494F5400000000000000000000', 1, 1, -62, -62]
['525049494F5400000000000000000000', 1, 1, -62, -67]
['525049494F5400000000000000000000', 1, 1, -62, -61]
['D3396D5F785E67047B67042A2A68ADCA', 14934, 64340, 12, -76]
['525049494F5400000000000000000000', 1, 1, -62, -67]
['525049494F5400000000000000000000', 1, 1, -62, -62]
['525049494F5400000000000000000000', 1, 1, -62, -67]
['525049494F5400000000000000000000', 1, 1, -62, -61]
['525049494F5400000000000000000000', 1, 1, -62, -67]
['525049494F5400000000000000000000', 1, 1, -62, -61]
['D3396D5F785E67047B67042A2A68ADCA', 14934, 64340, 12, -61]
['525049494F5400000000000000000000', 1, 1, -62, -61]
['525049494F5400000000000000000000', 1, 1, -62, -61]

