['525049494F5400000000000000000000', 1, 1, -62, -64]
['525049494F5400000000000000000000', 1, 1, -62, -66]
['525049494F5400000000000000000000', 1, 1, -62, -61]
['525049494F5400000000000000000000', 1, 1, -62, -87]
['D3396D5F785E67047B67042A2A68ADD5', 14934, 64340, 12, -66]
['525049494F5400000000000000000000', 1, 1, -62, -87]
['525049494F5400000000000000000000', 1, 1, -62, -76]
['525049494F5400000000000000000000', 1, 1, -62, -77]
['525049494F5400000000000000000000', 1, 1, -62, -76]
['525049494F5400000000000000000000', 1, 1, -62, -73]
['525049494F5400000000000000000000', 1, 1, -62, -51]
['D3396D5F785E67047B67042A2A68ADD5', 14934, 64340, 12, -76]
['525049494F5400000000000000000000', 1, 1, -62, -60]
['525049494F5400000000000000000000', 1, 1, -62, -66]
['525049494F5400000000000000000000', 1, 1, -62, -66]
['525049494F5400000000000000000000', 1, 1, -62, -72]
['525049494F5400000000000000000000', 1, 1, -62, -66]
['525049494F5400000000000000000000', 1, 1, -62, -75]
['525049494F5400000000000000000000', 1, 1, -62, -66]
['525049494F5400000000000000000000', 1, 1, -62, -66]
['525049494F5400000000000000000000', 1, 1, -62, -76]
['525049494F5400000000000000000000', 1, 1, -62, -76]
['525049494F5400000000000000000000', 1, 1, -62, -51]
['D3396D5F785E67047B67042A2A68ADD5', 14934, 64340, 12, -73]
['525049494F5400000000000000000000', 1, 1, -62, -76]
['525049494F5400000000000000000000', 1, 1, -62, -73]
['525049494F5400000000000000000000', 1, 1, -62, -51]
['525049494F5400000000000000000000', 1, 1, -62, -61]
['D3396D5F785E67047B67042A2A68ADD5', 14934, 64340, 12, -51]
['525049494F5400000000000000000000', 1, 1, -62, -52]
['525049494F5400000000000000000000', 1, 1, -62, -86]
['525049494F5400000000000000000000', 1, 1, -62, -51]
['525049494F5400000000000000000000', 1, 1, -62, -87]
['525049494F5400000000000000000000', 1, 1, -62, -51]
['525049494F5400000000000000000000', 1, 1, -62, -86]
['D3396D5F785E67047B67042A2A68ADD5', 14934, 64340, 12, -66]
['525049494F5400000000000000000000', 1, 1, -62, -61]
['525049494F5400000000000000000000', 1, 1, -62, -86]
['525049494F5400000000000000000000', 1, 1, -62, -61]
['525049494F5400000000000000000000', 1, 1, -62, -85]
['525049494F5400000000000000000000', 1, 1, -62, -51]
['525049494F5400000000000000000000', 1, 1, -62, -86]
['D3396D5F785E67047B67042A2A68ADD5', 14934, 64340, 12, -77]
['525049494F5400000000000000000000', 1, 1, -62, -52]
['525049494F5400000000000000000000', 1, 1, -62, -77]
['525049494F5400000000000000000000', 1, 1, -62, -51]
['525049494F5400000000000000000000', 1, 1, -62, -61]
['525049494F5400000000000000000000', 1, 1, -62, -51]
['525049494F5400000000000000000000', 1, 1, -62, -60]
['D3396D5F785E67047B67042A2A68ADD5', 14934, 64340, 12, -86]
['525049494F5400000000000000000000', 1, 1, -62, -66]
['525049494F5400000000000000000000', 1, 1, -62, -76]
['525049494F5400000000000000000000', 1, 1, -62, -65]
['525049494F5400000000000000000000', 1, 1, -62, -73]
['525049494F5400000000000000000000', 1, 1, -62, -73]
['525049494F5400000000000000000000', 1, 1, -62, -66]
['D3396D5F785E67047B67042A2A68ADD5', 14934, 64340, 12, -76]
['525049494F5400000000000000000000', 1, 1, -62, -61]
['525049494F5400000000000000000000', 1, 1, -62, -66]
['525049494F5400000000000000000000', 1, 1, -62, -77]
['525049494F5400000000000000000000', 1, 1, -62, -66]
['525049494F5400000000000000000000', 1, 1, -62, -76]
['525049494F5400000000000000000000', 1, 1, -62, -66]
['D3396D5F785E67047B67042A2A68ADD5', 14934, 64340, 12, -51]
['525049494F5400000000000000000000', 1, 1, -62, -61]
['525049494F5400000000000000000000', 1, 1, -62, -65]
['525049494F5400000000000000000000', 1, 1, -62, -65]
['525049494F5400000000000000000000', 1, 1, -62, -73]
['D3396D5F785E67047B67042A2A68ADD5', 14934, 64340, 12, -61]
['525049494F5400000000000000000000', 1, 1, -62, -76]
['525049494F5400000000000000000000', 1, 1, -62, -73]
['525049494F5400000000000000000000', 1, 1, -62, -66]
['525049494F5400000000000000000000', 1, 1, -62, -60]
['D3396D5F785E67047B67042A2A68ADD5', 14934, 64340, 12, -60]
['525049494F5400000000000000000000', 1, 1, -62, -73]
['525049494F5400000000000000000000', 1, 1, -62, -61]
['525049494F5400000000000000000000', 1, 1, -62, -66]
['525049494F5400000000000000000000', 1, 1, -62, -61]
['525049494F5400000000000000000000', 1, 1, -62, -86]
['D3396D5F785E67047B67042A2A68ADD5', 14934, 64340, 12, -77]
['525049494F5400000000000000000000', 1, 1, -62, -61]
['525049494F5400000000000000000000', 1, 1, -62, -66]
['525049494F5400000000000000000000', 1, 1, -62, -61]
['525049494F5400000000000000000000', 1, 1, -62, -66]
['525049494F5400000000000000000000', 1, 1, -62, -61]
['525049494F5400000000000000000000', 1, 1, -62, -75]
['525049494F5400000000000000000000', 1, 1, -62, -61]
['D3396D5F785E67047B67042A2A68ADD5', 14934, 64340, 12, -65]
['525049494F5400000000000000000000', 1, 1, -62, -74]
['525049494F5400000000000000000000', 1, 1, -62, -51]
['525049494F5400000000000000000000', 1, 1, -62, -60]
['525049494F5400000000000000000000', 1, 1, -62, -51]
['525049494F5400000000000000000000', 1, 1, -62, -61]
['525049494F5400000000000000000000', 1, 1, -62, -52]
['D3396D5F785E67047B67042A2A68ADCA', 14934, 64340, 12, -76]
['525049494F5400000000000000000000', 1, 1, -62, -78]
['525049494F5400000000000000000000', 1, 1, -62, -61]
['525049494F5400000000000000000000', 1, 1, -62, -78]
['525049494F5400000000000000000000', 1, 1, -62, -61]
['525049494F5400000000000000000000', 1, 1, -62, -75]
['525049494F5400000000000000000000', 1, 1, -62, -61]
['D3396D5F785E67047B67042A2A68ADCA', 14934, 64340, 12, -78]
['525049494F5400000000000000000000', 1, 1, -62, -61]
['525049494F5400000000000000000000', 1, 1, -62, -89]
['525049494F5400000000000000000000', 1, 1, -62, -61]
['525049494F5400000000000000000000', 1, 1, -62, -88]
['D3396D5F785E67047B67042A2A68ADCA', 14934, 64340, 12, -51]
['525049494F5400000000000000000000', 1, 1, -62, -60]
['525049494F5400000000000000000000', 1, 1, -62, -66]
['525049494F5400000000000000000000', 1, 1, -62, -61]
['525049494F5400000000000000000000', 1, 1, -62, -61]
['D3396D5F785E67047B67042A2A68ADCA', 14934, 64340, 12, -66]
['525049494F5400000000000000000000', 1, 1, -62, -66]
['525049494F5400000000000000000000', 1, 1, -62, -61]
['525049494F5400000000000000000000', 1, 1, -62, -61]
['525049494F5400000000000000000000', 1, 1, -62, -88]
['525049494F5400000000000000000000', 1, 1, -62, -88]
['D3396D5F785E67047B67042A2A68ADCA', 14934, 64340, 12, -76]
['525049494F5400000000000000000000', 1, 1, -62, -88]
['525049494F5400000000000000000000', 1, 1, -62, -61]
['525049494F5400000000000000000000', 1, 1, -62, -65]
['525049494F5400000000000000000000', 1, 1, -62, -61]
['525049494F5400000000000000000000', 1, 1, -62, -75]
['525049494F5400000000000000000000', 1, 1, -62, -61]
['525049494F5400000000000000000000', 1, 1, -62, -89]
['525049494F5400000000000000000000', 1, 1, -62, -52]
['525049494F5400000000000000000000', 1, 1, -62, -76]
['525049494F5400000000000000000000', 1, 1, -62, -60]
['D3396D5F785E67047B67042A2A68ADCA', 14934, 64340, 12, -52]
['525049494F5400000000000000000000', 1, 1, -62, -51]
['525049494F5400000000000000000000', 1, 1, -62, -77]
['525049494F5400000000000000000000', 1, 1, -62, -51]
['525049494F5400000000000000000000', 1, 1, -62, -51]
['525049494F5400000000000000000000', 1, 1, -62, -61]
['D3396D5F785E67047B67042A2A68ADCA', 14934, 64340, 12, -61]
['525049494F5400000000000000000000', 1, 1, -62, -52]
['525049494F5400000000000000000000', 1, 1, -62, -61]
['525049494F5400000000000000000000', 1, 1, -62, -52]
['525049494F5400000000000000000000', 1, 1, -62, -76]
['525049494F5400000000000000000000', 1, 1, -62, -52]
['525049494F5400000000000000000000', 1, 1, -62, -61]
['525049494F5400000000000000000000', 1, 1, -62, -51]
['525049494F5400000000000000000000', 1, 1, -62, -61]
['525049494F5400000000000000000000', 1, 1, -62, -88]
['525049494F5400000000000000000000', 1, 1, -62, -51]
['D3396D5F785E67047B67042A2A68ADCA', 14934, 64340, 12, -52]
['525049494F5400000000000000000000', 1, 1, -62, -52]
['525049494F5400000000000000000000', 1, 1, -62, -61]
['525049494F5400000000000000000000', 1, 1, -62, -52]
['525049494F5400000000000000000000', 1, 1, -62, -61]
['525049494F5400000000000000000000', 1, 1, -62, -52]
['525049494F5400000000000000000000', 1, 1, -62, -74]
['D3396D5F785E67047B67042A2A68ADCA', 14934, 64340, 12, -76]
['525049494F5400000000000000000000', 1, 1, -62, -51]
['525049494F5400000000000000000000', 1, 1, -62, -74]
['525049494F5400000000000000000000', 1, 1, -62, -74]
['525049494F5400000000000000000000', 1, 1, -62, -75]
['D3396D5F785E67047B67042A2A68ADCA', 14934, 64340, 12, -61]
['525049494F5400000000000000000000', 1, 1, -62, -77]
['525049494F5400000000000000000000', 1, 1, -62, -75]
['525049494F5400000000000000000000', 1, 1, -62, -76]
['525049494F5400000000000000000000', 1, 1, -62, -77]
['525049494F5400000000000000000000', 1, 1, -62, -76]
['525049494F5400000000000000000000', 1, 1, -62, -52]
['D3396D5F785E67047B67042A2A68ADCA', 14934, 64340, 12, -79]
['525049494F5400000000000000000000', 1, 1, -62, -76]
['525049494F5400000000000000000000', 1, 1, -62, -52]
['525049494F5400000000000000000000', 1, 1, -62, -76]
['525049494F5400000000000000000000', 1, 1, -62, -75]
['525049494F5400000000000000000000', 1, 1, -62, -77]
['D3396D5F785E67047B67042A2A68ADCA', 14934, 64340, 12, -66]
['525049494F5400000000000000000000', 1, 1, -62, -76]
['525049494F5400000000000000000000', 1, 1, -62, -79]
['525049494F5400000000000000000000', 1, 1, -62, -76]
['525049494F5400000000000000000000', 1, 1, -62, -75]
['525049494F5400000000000000000000', 1, 1, -62, -76]
['525049494F5400000000000000000000', 1, 1, -62, -79]
['525049494F5400000000000000000000', 1, 1, -62, -64]
['D3396D5F785E67047B67042A2A68ADCA', 14934, 64340, 12, -66]
['525049494F5400000000000000000000', 1, 1, -62, -61]
['525049494F5400000000000000000000', 1, 1, -62, -51]
['525049494F5400000000000000000000', 1, 1, -62, -78]
['525049494F5400000000000000000000', 1, 1, -62, -51]
['D3396D5F785E67047B67042A2A68ADCA', 14934, 64340, 12, -77]
['525049494F5400000000000000000000', 1, 1, -62, -61]
['525049494F5400000000000000000000', 1, 1, -62, -66]
['525049494F5400000000000000000000', 1, 1, -62, -61]
['525049494F5400000000000000000000', 1, 1, -62, -65]
['525049494F5400000000000000000000', 1, 1, -62, -61]
['525049494F5400000000000000000000', 1, 1, -62, -66]
['525049494F5400000000000000000000', 1, 1, -62, -61]
['525049494F5400000000000000000000', 1, 1, -62, -65]
['525049494F5400000000000000000000', 1, 1, -62, -61]
['525049494F5400000000000000000000', 1, 1, -62, -65]
['525049494F5400000000000000000000', 1, 1, -62, -61]
['525049494F5400000000000000000000', 1, 1, -62, -51]
['D3396D5F785E67047B67042A2A68ADCA', 14934, 64340, 12, -76]
['525049494F5400000000000000000000', 1, 1, -62, -61]
['525049494F5400000000000000000000', 1, 1, -62, -51]
['525049494F5400000000000000000000', 1, 1, -62, -75]
['525049494F5400000000000000000000', 1, 1, -62, -51]
['525049494F5400000000000000000000', 1, 1, -62, -76]
['525049494F5400000000000000000000', 1, 1, -62, -61]
['D3396D5F785E67047B67042A2A68ADCA', 14934, 64340, 12, -66]
['525049494F5400000000000000000000', 1, 1, -62, -79]
['525049494F5400000000000000000000', 1, 1, -62, -51]
['525049494F5400000000000000000000', 1, 1, -62, -76]
['525049494F5400000000000000000000', 1, 1, -62, -75]
['525049494F5400000000000000000000', 1, 1, -62, -61]
['D3396D5F785E67047B67042A2A68ADCA', 14934, 64340, 12, -61]
['525049494F5400000000000000000000', 1, 1, -62, -64]
['525049494F5400000000000000000000', 1, 1, -62, -83]
['525049494F5400000000000000000000', 1, 1, -62, -88]
['525049494F5400000000000000000000', 1, 1, -62, -89]
['D3396D5F785E67047B67042A2A68ADCA', 14934, 64340, 12, -76]
['525049494F5400000000000000000000', 1, 1, -62, -89]
['525049494F5400000000000000000000', 1, 1, -62, -52]
['525049494F5400000000000000000000', 1, 1, -62, -88]
['525049494F5400000000000000000000', 1, 1, -62, -51]
['D3396D5F785E67047B67042A2A68ADCA', 14934, 64340, 12, -89]
['525049494F5400000000000000000000', 1, 1, -62, -88]
['525049494F5400000000000000000000', 1, 1, -62, -61]
['525049494F5400000000000000000000', 1, 1, -62, -74]
['525049494F5400000000000000000000', 1, 1, -62, -61]
['525049494F5400000000000000000000', 1, 1, -62, -87]
['525049494F5400000000000000000000', 1, 1, -62, -61]
['D3396D5F785E67047B67042A2A68ADCA', 14934, 64340, 12, -51]
['525049494F5400000000000000000000', 1, 1, -62, -89]
['525049494F5400000000000000000000', 1, 1, -62, -76]
['525049494F5400000000000000000000', 1, 1, -62, -76]
['525049494F5400000000000000000000', 1, 1, -62, -76]
['525049494F5400000000000000000000', 1, 1, -62, -52]
['D3396D5F785E67047B67042A2A68ADCA', 14934, 64340, 12, -51]
['525049494F5400000000000000000000', 1, 1, -62, -76]
['525049494F5400000000000000000000', 1, 1, -62, -66]
['525049494F5400000000000000000000', 1, 1, -62, -76]
['525049494F5400000000000000000000', 1, 1, -62, -66]
['525049494F5400000000000000000000', 1, 1, -62, -75]
['525049494F5400000000000000000000', 1, 1, -62, -77]
['D3396D5F785E67047B67042A2A68ADCA', 14934, 64340, 12, -60]
['525049494F5400000000000000000000', 1, 1, -62, -77]
['525049494F5400000000000000000000', 1, 1, -62, -51]
['525049494F5400000000000000000000', 1, 1, -62, -75]
['525049494F5400000000000000000000', 1, 1, -62, -76]
['525049494F5400000000000000000000', 1, 1, -62, -78]
['525049494F5400000000000000000000', 1, 1, -62, -77]
['D3396D5F785E67047B67042A2A68ADCA', 14934, 64340, 12, -89]
['525049494F5400000000000000000000', 1, 1, -62, -75]
['525049494F5400000000000000000000', 1, 1, -62, -76]
['525049494F5400000000000000000000', 1, 1, -62, -51]
['525049494F5400000000000000000000', 1, 1, -62, -77]
['525049494F5400000000000000000000', 1, 1, -62, -52]
['525049494F5400000000000000000000', 1, 1, -62, -76]
['D3396D5F785E67047B67042A2A68ADCA', 14934, 64340, 12, -75]
['525049494F5400000000000000000000', 1, 1, -62, -52]
['525049494F5400000000000000000000', 1, 1, -62, -51]
['525049494F5400000000000000000000', 1, 1, -62, -51]
['525049494F5400000000000000000000', 1, 1, -62, -89]
['525049494F5400000000000000000000', 1, 1, -62, -61]
['D3396D5F785E67047B67042A2A68ADCA', 14934, 64340, 12, -52]
['525049494F5400000000000000000000', 1, 1, -62, -51]
['525049494F5400000000000000000000', 1, 1, -62, -61]
['525049494F5400000000000000000000', 1, 1, -62, -52]
['D3396D5F785E67047B67042A2A68ADCA', 14934, 64340, 12, -66]
['525049494F5400000000000000000000', 1, 1, -62, -88]
['525049494F5400000000000000000000', 1, 1, -62, -61]
['525049494F5400000000000000000000', 1, 1, -62, -64]
['525049494F5400000000000000000000', 1, 1, -62, -76]
['525049494F5400000000000000000000', 1, 1, -62, -65]
['525049494F5400000000000000000000', 1, 1, -62, -61]
['D3396D5F785E67047B67042A2A68ADCA', 14934, 64340, 12, -61]
['525049494F5400000000000000000000', 1, 1, -62, -65]
['525049494F5400000000000000000000', 1, 1, -62, -76]
['525049494F5400000000000000000000', 1, 1, -62, -61]
['525049494F5400000000000000000000', 1, 1, -62, -66]
['D3396D5F785E67047B67042A2A68ADCA', 14934, 64340, 12, -52]
['525049494F5400000000000000000000', 1, 1, -62, -61]
['525049494F5400000000000000000000', 1, 1, -62, -75]
['525049494F5400000000000000000000', 1, 1, -62, -61]
['525049494F5400000000000000000000', 1, 1, -62, -75]
['525049494F5400000000000000000000', 1, 1, -62, -61]
['525049494F5400000000000000000000', 1, 1, -62, -66]
['525049494F5400000000000000000000', 1, 1, -62, -61]
['D3396D5F785E67047B67042A2A68ADCA', 14934, 64340, 12, -65]
['525049494F5400000000000000000000', 1, 1, -62, -66]
['525049494F5400000000000000000000', 1, 1, -62, -61]
['525049494F5400000000000000000000', 1, 1, -62, -79]
['525049494F5400000000000000000000', 1, 1, -62, -64]
['525049494F5400000000000000000000', 1, 1, -62, -61]
['525049494F5400000000000000000000', 1, 1, -62, -88]
['D3396D5F785E67047B67042A2A68ADCA', 14934, 64340, 12, -77]
['525049494F5400000000000000000000', 1, 1, -62, -51]
['525049494F5400000000000000000000', 1, 1, -62, -78]
['525049494F5400000000000000000000', 1, 1, -62, -52]
['525049494F5400000000000000000000', 1, 1, -62, -88]
['525049494F5400000000000000000000', 1, 1, -62, -52]
['525049494F5400000000000000000000', 1, 1, -62, -61]
['D3396D5F785E67047B67042A2A68ADCA', 14934, 64340, 12, -90]
['525049494F5400000000000000000000', 1, 1, -62, -75]
['525049494F5400000000000000000000', 1, 1, -62, -51]
['525049494F5400000000000000000000', 1, 1, -62, -77]
['525049494F5400000000000000000000', 1, 1, -62, -78]
['525049494F5400000000000000000000', 1, 1, -62, -76]
['D3396D5F785E67047B67042A2A68ADCA', 14934, 64340, 12, -51]
['525049494F5400000000000000000000', 1, 1, -62, -76]
['525049494F5400000000000000000000', 1, 1, -62, -76]
['525049494F5400000000000000000000', 1, 1, -62, -76]
['525049494F5400000000000000000000', 1, 1, -62, -75]
['D3396D5F785E67047B67042A2A68ADCA', 14934, 64340, 12, -61]
['525049494F5400000000000000000000', 1, 1, -62, -76]
['525049494F5400000000000000000000', 1, 1, -62, -51]
['525049494F5400000000000000000000', 1, 1, -62, -77]
['525049494F5400000000000000000000', 1, 1, -62, -76]
['525049494F5400000000000000000000', 1, 1, -62, -76]
['525049494F5400000000000000000000', 1, 1, -62, -51]
['525049494F5400000000000000000000', 1, 1, -62, -76]
['D3396D5F785E67047B67042A2A68ADCA', 14934, 64340, 12, -61]
['525049494F5400000000000000000000', 1, 1, -62, -51]
['525049494F5400000000000000000000', 1, 1, -62, -76]
['525049494F5400000000000000000000', 1, 1, -62, -76]
['525049494F5400000000000000000000', 1, 1, -62, -76]
['D3396D5F785E67047B67042A2A68ADCA', 14934, 64340, 12, -75]
['525049494F5400000000000000000000', 1, 1, -62, -75]
['525049494F5400000000000000000000', 1, 1, -62, -76]
['525049494F5400000000000000000000', 1, 1, -62, -76]
['525049494F5400000000000000000000', 1, 1, -62, -77]
['525049494F5400000000000000000000', 1, 1, -62, -76]
['525049494F5400000000000000000000', 1, 1, -62, -51]
['525049494F5400000000000000000000', 1, 1, -62, -61]
['525049494F5400000000000000000000', 1, 1, -62, -51]
['525049494F5400000000000000000000', 1, 1, -62, -66]
['525049494F5400000000000000000000', 1, 1, -62, -51]
['525049494F5400000000000000000000', 1, 1, -62, -52]
['525049494F5400000000000000000000', 1, 1, -62, -78]
['525049494F5400000000000000000000', 1, 1, -62, -66]
['525049494F5400000000000000000000', 1, 1, -62, -75]
['525049494F5400000000000000000000', 1, 1, -62, -64]
['525049494F5400000000000000000000', 1, 1, -62, -61]
['525049494F5400000000000000000000', 1, 1, -62, -66]
['525049494F5400000000000000000000', 1, 1, -62, -61]
['525049494F5400000000000000000000', 1, 1, -62, -90]
['525049494F5400000000000000000000', 1, 1, -62, -89]
['525049494F5400000000000000000000', 1, 1, -62, -88]
['525049494F5400000000000000000000', 1, 1, -62, -51]
['525049494F5400000000000000000000', 1, 1, -62, -85]
['525049494F5400000000000000000000', 1, 1, -62, -51]
['525049494F5400000000000000000000', 1, 1, -62, -88]
['525049494F5400000000000000000000', 1, 1, -62, -61]
['D3396D5F785E67047B67042A2A68ADCA', 14934, 64340, 12, -51]
['525049494F5400000000000000000000', 1, 1, -62, -90]
['525049494F5400000000000000000000', 1, 1, -62, -88]
['525049494F5400000000000000000000', 1, 1, -62, -61]
['525049494F5400000000000000000000', 1, 1, -62, -85]
['525049494F5400000000000000000000', 1, 1, -62, -60]
['D3396D5F785E67047B67042A2A68ADCA', 14934, 64340, 12, -76]
['525049494F5400000000000000000000', 1, 1, -62, -86]
['525049494F5400000000000000000000', 1, 1, -62, -61]
['525049494F5400000000000000000000', 1, 1, -62, -85]
['525049494F5400000000000000000000', 1, 1, -62, -60]
['525049494F5400000000000000000000', 1, 1, -62, -66]
['525049494F5400000000000000000000', 1, 1, -62, -61]
['D3396D5F785E67047B67042A2A68ADCA', 14934, 64340, 12, -73]
['525049494F5400000000000000000000', 1, 1, -62, -74]
['525049494F5400000000000000000000', 1, 1, -62, -61]
['525049494F5400000000000000000000', 1, 1, -62, -66]
['525049494F5400000000000000000000', 1, 1, -62, -61]
['525049494F5400000000000000000000', 1, 1, -62, -66]
['525049494F5400000000000000000000', 1, 1, -62, -74]
['D3396D5F785E67047B67042A2A68ADCA', 14934, 64340, 12, -51]
['525049494F5400000000000000000000', 1, 1, -62, -66]
['525049494F5400000000000000000000', 1, 1, -62, -61]
['525049494F5400000000000000000000', 1, 1, -62, -64]
['525049494F5400000000000000000000', 1, 1, -62, -61]
['525049494F5400000000000000000000', 1, 1, -62, -64]
['525049494F5400000000000000000000', 1, 1, -62, -61]
['525049494F5400000000000000000000', 1, 1, -62, -73]
['525049494F5400000000000000000000', 1, 1, -62, -61]
['525049494F5400000000000000000000', 1, 1, -62, -64]
['525049494F5400000000000000000000', 1, 1, -62, -74]
['525049494F5400000000000000000000', 1, 1, -62, -66]
['525049494F5400000000000000000000', 1, 1, -62, -66]
['D3396D5F785E67047B67042A2A68ADCA', 14934, 64340, 12, -61]
['525049494F5400000000000000000000', 1, 1, -62, -61]
['525049494F5400000000000000000000', 1, 1, -62, -66]
['525049494F5400000000000000000000', 1, 1, -62, -61]
['525049494F5400000000000000000000', 1, 1, -62, -87]
['525049494F5400000000000000000000', 1, 1, -62, -87]
['525049494F5400000000000000000000', 1, 1, -62, -89]
['525049494F5400000000000000000000', 1, 1, -62, -61]
['525049494F5400000000000000000000', 1, 1, -62, -66]
['D3396D5F785E67047B67042A2A68ADCA', 14934, 64340, 12, -89]
['525049494F5400000000000000000000', 1, 1, -62, -61]
['525049494F5400000000000000000000', 1, 1, -62, -66]
['525049494F5400000000000000000000', 1, 1, -62, -61]
['525049494F5400000000000000000000', 1, 1, -62, -66]
['525049494F5400000000000000000000', 1, 1, -62, -77]
['D3396D5F785E67047B67042A2A68ADCA', 14934, 64340, 12, -77]
['525049494F5400000000000000000000', 1, 1, -62, -79]
['525049494F5400000000000000000000', 1, 1, -62, -76]
['525049494F5400000000000000000000', 1, 1, -62, -75]
['525049494F5400000000000000000000', 1, 1, -62, -76]
['525049494F5400000000000000000000', 1, 1, -62, -61]
['525049494F5400000000000000000000', 1, 1, -62, -66]
['D3396D5F785E67047B67042A2A68ADCA', 14934, 64340, 12, -51]
['525049494F5400000000000000000000', 1, 1, -62, -60]
['525049494F5400000000000000000000', 1, 1, -62, -66]
['525049494F5400000000000000000000', 1, 1, -62, -60]
['525049494F5400000000000000000000', 1, 1, -62, -66]
['525049494F5400000000000000000000', 1, 1, -62, -61]
['525049494F5400000000000000000000', 1, 1, -62, -66]
['D3396D5F785E67047B67042A2A68ADCA', 14934, 64340, 12, -61]
['525049494F5400000000000000000000', 1, 1, -62, -61]
['525049494F5400000000000000000000', 1, 1, -62, -76]
['525049494F5400000000000000000000', 1, 1, -62, -51]
['525049494F5400000000000000000000', 1, 1, -62, -52]
['D3396D5F785E67047B67042A2A68ADCA', 14934, 64340, 12, -65]
['525049494F5400000000000000000000', 1, 1, -62, -51]
['525049494F5400000000000000000000', 1, 1, -62, -61]
['525049494F5400000000000000000000', 1, 1, -62, -51]
['525049494F5400000000000000000000', 1, 1, -62, -88]
['525049494F5400000000000000000000', 1, 1, -62, -51]
['525049494F5400000000000000000000', 1, 1, -62, -87]
['525049494F5400000000000000000000', 1, 1, -62, -51]
['525049494F5400000000000000000000', 1, 1, -62, -88]
['525049494F5400000000000000000000', 1, 1, -62, -61]
['525049494F5400000000000000000000', 1, 1, -62, -61]
['525049494F5400000000000000000000', 1, 1, -62, -85]
['D3396D5F785E67047B67042A2A68ADCA', 14934, 64340, 12, -61]
['525049494F5400000000000000000000', 1, 1, -62, -61]
['525049494F5400000000000000000000', 1, 1, -62, -85]
['525049494F5400000000000000000000', 1, 1, -62, -85]
['525049494F5400000000000000000000', 1, 1, -62, -61]
['525049494F5400000000000000000000', 1, 1, -62, -85]
['525049494F5400000000000000000000', 1, 1, -62, -51]
['D3396D5F785E67047B67042A2A68ADCA', 14934, 64340, 12, -85]
['525049494F5400000000000000000000', 1, 1, -62, -85]
['525049494F5400000000000000000000', 1, 1, -62, -51]
['525049494F5400000000000000000000', 1, 1, -62, -86]
['525049494F5400000000000000000000', 1, 1, -62, -51]
['525049494F5400000000000000000000', 1, 1, -62, -86]
['525049494F5400000000000000000000', 1, 1, -62, -51]
['D3396D5F785E67047B67042A2A68ADCA', 14934, 64340, 12, -66]
['525049494F5400000000000000000000', 1, 1, -62, -61]
['525049494F5400000000000000000000', 1, 1, -62, -51]
['525049494F5400000000000000000000', 1, 1, -62, -76]
['525049494F5400000000000000000000', 1, 1, -62, -52]
['525049494F5400000000000000000000', 1, 1, -62, -77]
['525049494F5400000000000000000000', 1, 1, -62, -51]
['D3396D5F785E67047B67042A2A68ADCA', 14934, 64340, 12, -51]
['525049494F5400000000000000000000', 1, 1, -62, -76]
['525049494F5400000000000000000000', 1, 1, -62, -51]
['525049494F5400000000000000000000', 1, 1, -62, -76]
['525049494F5400000000000000000000', 1, 1, -62, -52]
['525049494F5400000000000000000000', 1, 1, -62, -75]
['525049494F5400000000000000000000', 1, 1, -62, -72]
['D3396D5F785E67047B67042A2A68ADCA', 14934, 64340, 12, -60]
['525049494F5400000000000000000000', 1, 1, -62, -86]
['525049494F5400000000000000000000', 1, 1, -62, -51]
['525049494F5400000000000000000000', 1, 1, -62, -76]
['525049494F5400000000000000000000', 1, 1, -62, -74]
['525049494F5400000000000000000000', 1, 1, -62, -66]
['525049494F5400000000000000000000', 1, 1, -62, -61]
['D3396D5F785E67047B67042A2A68ADCA', 14934, 64340, 12, -89]
['525049494F5400000000000000000000', 1, 1, -62, -66]
['525049494F5400000000000000000000', 1, 1, -62, -79]
['525049494F5400000000000000000000', 1, 1, -62, -76]
['525049494F5400000000000000000000', 1, 1, -62, -51]
['525049494F5400000000000000000000', 1, 1, -62, -76]
['525049494F5400000000000000000000', 1, 1, -62, -73]
['525049494F5400000000000000000000', 1, 1, -62, -76]
['D3396D5F785E67047B67042A2A68ADCA', 14934, 64340, 12, -51]
['525049494F5400000000000000000000', 1, 1, -62, -73]
['525049494F5400000000000000000000', 1, 1, -62, -76]
['525049494F5400000000000000000000', 1, 1, -62, -73]
['525049494F5400000000000000000000', 1, 1, -62, -76]
['D3396D5F785E67047B67042A2A68ADCA', 14934, 64340, 12, -52]
['525049494F5400000000000000000000', 1, 1, -62, -73]
['525049494F5400000000000000000000', 1, 1, -62, -66]
['525049494F5400000000000000000000', 1, 1, -62, -72]
['525049494F5400000000000000000000', 1, 1, -62, -66]
['525049494F5400000000000000000000', 1, 1, -62, -76]
['525049494F5400000000000000000000', 1, 1, -62, -76]
['D3396D5F785E67047B67042A2A68ADCA', 14934, 64340, 12, -76]
['525049494F5400000000000000000000', 1, 1, -62, -86]
['525049494F5400000000000000000000', 1, 1, -62, -61]
['525049494F5400000000000000000000', 1, 1, -62, -75]
['525049494F5400000000000000000000', 1, 1, -62, -51]
['D3396D5F785E67047B67042A2A68ADCA', 14934, 64340, 12, -75]
['525049494F5400000000000000000000', 1, 1, -62, -60]
['525049494F5400000000000000000000', 1, 1, -62, -75]
['525049494F5400000000000000000000', 1, 1, -62, -84]
['525049494F5400000000000000000000', 1, 1, -62, -78]
['525049494F5400000000000000000000', 1, 1, -62, -81]
['525049494F5400000000000000000000', 1, 1, -62, -51]
['525049494F5400000000000000000000', 1, 1, -62, -91]
['525049494F5400000000000000000000', 1, 1, -62, -91]
['D3396D5F785E67047B67042A2A68ADCA', 14934, 64340, 12, -51]
['525049494F5400000000000000000000', 1, 1, -62, -91]
['525049494F5400000000000000000000', 1, 1, -62, -60]
['525049494F5400000000000000000000', 1, 1, -62, -51]
['525049494F5400000000000000000000', 1, 1, -62, -52]
['525049494F5400000000000000000000', 1, 1, -62, -94]
['D3396D5F785E67047B67042A2A68ADCA', 14934, 64340, 12, -60]
['525049494F5400000000000000000000', 1, 1, -62, -51]
['525049494F5400000000000000000000', 1, 1, -62, -61]
['525049494F5400000000000000000000', 1, 1, -62, -51]
['525049494F5400000000000000000000', 1, 1, -62, -82]
['525049494F5400000000000000000000', 1, 1, -62, -60]
['D3396D5F785E67047B67042A2A68ADCA', 14934, 64340, 12, -93]
['525049494F5400000000000000000000', 1, 1, -62, -78]
['525049494F5400000000000000000000', 1, 1, -62, -79]
['525049494F5400000000000000000000', 1, 1, -62, -51]
['D3396D5F785E67047B67042A2A68ADCA', 14934, 64340, 12, -78]
['525049494F5400000000000000000000', 1, 1, -62, -61]
['525049494F5400000000000000000000', 1, 1, -62, -51]
['525049494F5400000000000000000000', 1, 1, -62, -82]
['525049494F5400000000000000000000', 1, 1, -62, -75]
['525049494F5400000000000000000000', 1, 1, -62, -77]
['525049494F5400000000000000000000', 1, 1, -62, -79]
['525049494F5400000000000000000000', 1, 1, -62, -66]
['525049494F5400000000000000000000', 1, 1, -62, -60]
['525049494F5400000000000000000000', 1, 1, -62, -66]
['525049494F5400000000000000000000', 1, 1, -62, -61]
['525049494F5400000000000000000000', 1, 1, -62, -66]
['525049494F5400000000000000000000', 1, 1, -62, -93]
['D3396D5F785E67047B67042A2A68ADCA', 14934, 64340, 12, -93]
['525049494F5400000000000000000000', 1, 1, -62, -89]
['525049494F5400000000000000000000', 1, 1, -62, -89]
['525049494F5400000000000000000000', 1, 1, -62, -60]
['525049494F5400000000000000000000', 1, 1, -62, -66]
['525049494F5400000000000000000000', 1, 1, -62, -60]
['D3396D5F785E67047B67042A2A68ADCA', 14934, 64340, 12, -89]
['525049494F5400000000000000000000', 1, 1, -62, -65]
['525049494F5400000000000000000000', 1, 1, -62, -84]
['525049494F5400000000000000000000', 1, 1, -62, -76]
['525049494F5400000000000000000000', 1, 1, -62, -51]
['D3396D5F785E67047B67042A2A68ADCA', 14934, 64340, 12, -79]
['525049494F5400000000000000000000', 1, 1, -62, -76]
['525049494F5400000000000000000000', 1, 1, -62, -77]
['525049494F5400000000000000000000', 1, 1, -62, -77]
['525049494F5400000000000000000000', 1, 1, -62, -74]
['525049494F5400000000000000000000', 1, 1, -62, -76]
['525049494F5400000000000000000000', 1, 1, -62, -77]
['D3396D5F785E67047B67042A2A68ADCA', 14934, 64340, 12, -51]
['525049494F5400000000000000000000', 1, 1, -62, -66]
['525049494F5400000000000000000000', 1, 1, -62, -60]
['525049494F5400000000000000000000', 1, 1, -62, -60]
['525049494F5400000000000000000000', 1, 1, -62, -86]
['525049494F5400000000000000000000', 1, 1, -62, -51]
['525049494F5400000000000000000000', 1, 1, -62, -83]
['525049494F5400000000000000000000', 1, 1, -62, -72]
['525049494F5400000000000000000000', 1, 1, -62, -86]
['525049494F5400000000000000000000', 1, 1, -62, -89]
['525049494F5400000000000000000000', 1, 1, -62, -89]
['525049494F5400000000000000000000', 1, 1, -62, -51]
['525049494F5400000000000000000000', 1, 1, -62, -75]
['525049494F5400000000000000000000', 1, 1, -62, -82]
['525049494F5400000000000000000000', 1, 1, -62, -75]
['525049494F5400000000000000000000', 1, 1, -62, -52]
['525049494F5400000000000000000000', 1, 1, -62, -75]
['D3396D5F785E67047B67042A2A68ADCA', 14934, 64340, 12, -83]
['525049494F5400000000000000000000', 1, 1, -62, -52]
['525049494F5400000000000000000000', 1, 1, -62, -59]
['525049494F5400000000000000000000', 1, 1, -62, -59]
['525049494F5400000000000000000000', 1, 1, -62, -52]
['525049494F5400000000000000000000', 1, 1, -62, -90]
['525049494F5400000000000000000000', 1, 1, -62, -52]
['525049494F5400000000000000000000', 1, 1, -62, -60]
['525049494F5400000000000000000000', 1, 1, -62, -84]
['525049494F5400000000000000000000', 1, 1, -62, -59]
['525049494F5400000000000000000000', 1, 1, -62, -52]
['D3396D5F785E67047B67042A2A68ADCA', 14934, 64340, 12, -66]
['525049494F5400000000000000000000', 1, 1, -62, -60]
['525049494F5400000000000000000000', 1, 1, -62, -90]
['525049494F5400000000000000000000', 1, 1, -62, -52]
['525049494F5400000000000000000000', 1, 1, -62, -87]
['525049494F5400000000000000000000', 1, 1, -62, -58]
['525049494F5400000000000000000000', 1, 1, -62, -90]
['D3396D5F785E67047B67042A2A68ADCA', 14934, 64340, 12, -59]
['525049494F5400000000000000000000', 1, 1, -62, -51]
['525049494F5400000000000000000000', 1, 1, -62, -90]
['525049494F5400000000000000000000', 1, 1, -62, -52]
['525049494F5400000000000000000000', 1, 1, -62, -59]
['525049494F5400000000000000000000', 1, 1, -62, -51]
['525049494F5400000000000000000000', 1, 1, -62, -59]
['525049494F5400000000000000000000', 1, 1, -62, -52]
['525049494F5400000000000000000000', 1, 1, -62, -74]
['525049494F5400000000000000000000', 1, 1, -62, -79]
['525049494F5400000000000000000000', 1, 1, -62, -66]
['525049494F5400000000000000000000', 1, 1, -62, -77]
['525049494F5400000000000000000000', 1, 1, -62, -74]
['525049494F5400000000000000000000', 1, 1, -62, -78]

