['525049494F5400000000000000000000', 1, 1, -62, -68]
['525049494F5400000000000000000000', 1, 1, -62, -71]
['D3396D5F785E67047B67042A2A68ADD5', 14934, 64340, 12, -71]
['525049494F5400000000000000000000', 1, 1, -62, -72]
['525049494F5400000000000000000000', 1, 1, -62, -69]
['525049494F5400000000000000000000', 1, 1, -62, -71]
['525049494F5400000000000000000000', 1, 1, -62, -66]
['525049494F5400000000000000000000', 1, 1, -62, -71]
['D3396D5F785E67047B67042A2A68ADD5', 14934, 64340, 12, -55]
['525049494F5400000000000000000000', 1, 1, -62, -71]
['525049494F5400000000000000000000', 1, 1, -62, -67]
['525049494F5400000000000000000000', 1, 1, -62, -70]
['525049494F5400000000000000000000', 1, 1, -62, -70]
['525049494F5400000000000000000000', 1, 1, -62, -71]
['D3396D5F785E67047B67042A2A68ADD5', 14934, 64340, 12, -67]
['525049494F5400000000000000000000', 1, 1, -62, -66]
['525049494F5400000000000000000000', 1, 1, -62, -72]
['525049494F5400000000000000000000', 1, 1, -62, -55]
['525049494F5400000000000000000000', 1, 1, -62, -70]
['525049494F5400000000000000000000', 1, 1, -62, -55]
['525049494F5400000000000000000000', 1, 1, -62, -72]
['D3396D5F785E67047B67042A2A68ADD5', 14934, 64340, 12, -71]
['525049494F5400000000000000000000', 1, 1, -62, -70]
['525049494F5400000000000000000000', 1, 1, -62, -57]
['525049494F5400000000000000000000', 1, 1, -62, -71]
['525049494F5400000000000000000000', 1, 1, -62, -57]
['525049494F5400000000000000000000', 1, 1, -62, -72]
['D3396D5F785E67047B67042A2A68ADD5', 14934, 64340, 12, -55]
['525049494F5400000000000000000000', 1, 1, -62, -71]
['525049494F5400000000000000000000', 1, 1, -62, -64]
['525049494F5400000000000000000000', 1, 1, -62, -56]
['525049494F5400000000000000000000', 1, 1, -62, -68]
['D3396D5F785E67047B67042A2A68ADD5', 14934, 64340, 12, -56]
['525049494F5400000000000000000000', 1, 1, -62, -64]
['525049494F5400000000000000000000', 1, 1, -62, -58]
['525049494F5400000000000000000000', 1, 1, -62, -63]
['525049494F5400000000000000000000', 1, 1, -62, -72]
['525049494F5400000000000000000000', 1, 1, -62, -78]
['525049494F5400000000000000000000', 1, 1, -62, -71]
['525049494F5400000000000000000000', 1, 1, -62, -66]
['525049494F5400000000000000000000', 1, 1, -62, -56]
['525049494F5400000000000000000000', 1, 1, -62, -62]
['525049494F5400000000000000000000', 1, 1, -62, -72]
['525049494F5400000000000000000000', 1, 1, -62, -70]
['525049494F5400000000000000000000', 1, 1, -62, -55]
['525049494F5400000000000000000000', 1, 1, -62, -71]
['525049494F5400000000000000000000', 1, 1, -62, -62]
['525049494F5400000000000000000000', 1, 1, -62, -71]
['525049494F5400000000000000000000', 1, 1, -62, -55]
['525049494F5400000000000000000000', 1, 1, -62, -75]
['525049494F5400000000000000000000', 1, 1, -62, -56]
['D3396D5F785E67047B67042A2A68ADD5', 14934, 64340, 12, -57]
['525049494F5400000000000000000000', 1, 1, -62, -80]
['525049494F5400000000000000000000', 1, 1, -62, -76]
['525049494F5400000000000000000000', 1, 1, -62, -57]
['525049494F5400000000000000000000', 1, 1, -62, -71]
['525049494F5400000000000000000000', 1, 1, -62, -87]
['525049494F5400000000000000000000', 1, 1, -62, -76]
['D3396D5F785E67047B67042A2A68ADD5', 14934, 64340, 12, -55]
['525049494F5400000000000000000000', 1, 1, -62, -58]
['525049494F5400000000000000000000', 1, 1, -62, -56]
['525049494F5400000000000000000000', 1, 1, -62, -56]
['525049494F5400000000000000000000', 1, 1, -62, -56]
['525049494F5400000000000000000000', 1, 1, -62, -76]
['525049494F5400000000000000000000', 1, 1, -62, -56]
['D3396D5F785E67047B67042A2A68ADD5', 14934, 64340, 12, -69]
['525049494F5400000000000000000000', 1, 1, -62, -71]
['525049494F5400000000000000000000', 1, 1, -62, -56]
['525049494F5400000000000000000000', 1, 1, -62, -76]
['525049494F5400000000000000000000', 1, 1, -62, -78]
['525049494F5400000000000000000000', 1, 1, -62, -56]
['D3396D5F785E67047B67042A2A68ADD5', 14934, 64340, 12, -57]
['525049494F5400000000000000000000', 1, 1, -62, -64]
['525049494F5400000000000000000000', 1, 1, -62, -65]
['525049494F5400000000000000000000', 1, 1, -62, -70]
['525049494F5400000000000000000000', 1, 1, -62, -64]
['D3396D5F785E67047B67042A2A68ADD5', 14934, 64340, 12, -72]
['525049494F5400000000000000000000', 1, 1, -62, -67]
['525049494F5400000000000000000000', 1, 1, -62, -64]
['525049494F5400000000000000000000', 1, 1, -62, -69]
['525049494F5400000000000000000000', 1, 1, -62, -64]
['525049494F5400000000000000000000', 1, 1, -62, -71]
['D3396D5F785E67047B67042A2A68ADD5', 14934, 64340, 12, -76]
['525049494F5400000000000000000000', 1, 1, -62, -56]
['525049494F5400000000000000000000', 1, 1, -62, -72]
['525049494F5400000000000000000000', 1, 1, -62, -56]
['525049494F5400000000000000000000', 1, 1, -62, -70]
['525049494F5400000000000000000000', 1, 1, -62, -56]
['525049494F5400000000000000000000', 1, 1, -62, -77]
['D3396D5F785E67047B67042A2A68ADD5', 14934, 64340, 12, -72]
['525049494F5400000000000000000000', 1, 1, -62, -56]
['525049494F5400000000000000000000', 1, 1, -62, -70]
['525049494F5400000000000000000000', 1, 1, -62, -56]
['525049494F5400000000000000000000', 1, 1, -62, -64]
['525049494F5400000000000000000000', 1, 1, -62, -56]
['525049494F5400000000000000000000', 1, 1, -62, -67]
['D3396D5F785E67047B67042A2A68ADD5', 14934, 64340, 12, -71]
['525049494F5400000000000000000000', 1, 1, -62, -64]
['525049494F5400000000000000000000', 1, 1, -62, -71]
['525049494F5400000000000000000000', 1, 1, -62, -64]
['525049494F5400000000000000000000', 1, 1, -62, -71]
['525049494F5400000000000000000000', 1, 1, -62, -64]
['525049494F5400000000000000000000', 1, 1, -62, -71]
['525049494F5400000000000000000000', 1, 1, -62, -67]
['525049494F5400000000000000000000', 1, 1, -62, -64]
['525049494F5400000000000000000000', 1, 1, -62, -71]
['525049494F5400000000000000000000', 1, 1, -62, -57]
['525049494F5400000000000000000000', 1, 1, -62, -56]
['D3396D5F785E67047B67042A2A68ADD5', 14934, 64340, 12, -64]
['525049494F5400000000000000000000', 1, 1, -62, -57]
['525049494F5400000000000000000000', 1, 1, -62, -63]
['525049494F5400000000000000000000', 1, 1, -62, -64]
['525049494F5400000000000000000000', 1, 1, -62, -57]
['525049494F5400000000000000000000', 1, 1, -62, -71]
['D3396D5F785E67047B67042A2A68ADD5', 14934, 64340, 12, -70]
['525049494F5400000000000000000000', 1, 1, -62, -57]
['525049494F5400000000000000000000', 1, 1, -62, -56]
['525049494F5400000000000000000000', 1, 1, -62, -57]
['525049494F5400000000000000000000', 1, 1, -62, -72]
['525049494F5400000000000000000000', 1, 1, -62, -66]
['525049494F5400000000000000000000', 1, 1, -62, -57]
['D3396D5F785E67047B67042A2A68ADD5', 14934, 64340, 12, -70]
['525049494F5400000000000000000000', 1, 1, -62, -76]
['525049494F5400000000000000000000', 1, 1, -62, -57]
['525049494F5400000000000000000000', 1, 1, -62, -74]
['525049494F5400000000000000000000', 1, 1, -62, -56]
['525049494F5400000000000000000000', 1, 1, -62, -71]
['525049494F5400000000000000000000', 1, 1, -62, -56]
['525049494F5400000000000000000000', 1, 1, -62, -68]
['525049494F5400000000000000000000', 1, 1, -62, -55]
['525049494F5400000000000000000000', 1, 1, -62, -70]
['525049494F5400000000000000000000', 1, 1, -62, -56]
['525049494F5400000000000000000000', 1, 1, -62, -69]
['525049494F5400000000000000000000', 1, 1, -62, -57]
['525049494F5400000000000000000000', 1, 1, -62, -77]
['D3396D5F785E67047B67042A2A68ADD5', 14934, 64340, 12, -56]
['525049494F5400000000000000000000', 1, 1, -62, -77]
['525049494F5400000000000000000000', 1, 1, -62, -56]
['525049494F5400000000000000000000', 1, 1, -62, -74]
['525049494F5400000000000000000000', 1, 1, -62, -56]
['525049494F5400000000000000000000', 1, 1, -62, -76]
['D3396D5F785E67047B67042A2A68ADD5', 14934, 64340, 12, -75]
['525049494F5400000000000000000000', 1, 1, -62, -55]
['525049494F5400000000000000000000', 1, 1, -62, -71]
['525049494F5400000000000000000000', 1, 1, -62, -56]
['525049494F5400000000000000000000', 1, 1, -62, -71]
['525049494F5400000000000000000000', 1, 1, -62, -62]
['525049494F5400000000000000000000', 1, 1, -62, -57]
['D3396D5F785E67047B67042A2A68ADD5', 14934, 64340, 12, -64]
['525049494F5400000000000000000000', 1, 1, -62, -64]
['525049494F5400000000000000000000', 1, 1, -62, -57]
['525049494F5400000000000000000000', 1, 1, -62, -63]
['525049494F5400000000000000000000', 1, 1, -62, -55]
['525049494F5400000000000000000000', 1, 1, -62, -63]
['D3396D5F785E67047B67042A2A68ADD5', 14934, 64340, 12, -65]
['525049494F5400000000000000000000', 1, 1, -62, -63]
['525049494F5400000000000000000000', 1, 1, -62, -57]
['525049494F5400000000000000000000', 1, 1, -62, -70]
['525049494F5400000000000000000000', 1, 1, -62, -56]
['525049494F5400000000000000000000', 1, 1, -62, -77]
['525049494F5400000000000000000000', 1, 1, -62, -57]
['525049494F5400000000000000000000', 1, 1, -62, -77]
['525049494F5400000000000000000000', 1, 1, -62, -73]
['525049494F5400000000000000000000', 1, 1, -62, -70]
['525049494F5400000000000000000000', 1, 1, -62, -72]
['D3396D5F785E67047B67042A2A68ADD5', 14934, 64340, 12, -56]
['525049494F5400000000000000000000', 1, 1, -62, -72]
['525049494F5400000000000000000000', 1, 1, -62, -56]
['525049494F5400000000000000000000', 1, 1, -62, -57]
['525049494F5400000000000000000000', 1, 1, -62, -56]
['525049494F5400000000000000000000', 1, 1, -62, -58]
['525049494F5400000000000000000000', 1, 1, -62, -72]
['D3396D5F785E67047B67042A2A68ADD5', 14934, 64340, 12, -79]
['525049494F5400000000000000000000', 1, 1, -62, -57]
['525049494F5400000000000000000000', 1, 1, -62, -76]
['525049494F5400000000000000000000', 1, 1, -62, -57]
['525049494F5400000000000000000000', 1, 1, -62, -72]
['525049494F5400000000000000000000', 1, 1, -62, -57]
['525049494F5400000000000000000000', 1, 1, -62, -71]
['525049494F5400000000000000000000', 1, 1, -62, -66]
['525049494F5400000000000000000000', 1, 1, -62, -71]
['525049494F5400000000000000000000', 1, 1, -62, -57]
['525049494F5400000000000000000000', 1, 1, -62, -76]
['525049494F5400000000000000000000', 1, 1, -62, -57]
['525049494F5400000000000000000000', 1, 1, -62, -70]
['525049494F5400000000000000000000', 1, 1, -62, -62]
['D3396D5F785E67047B67042A2A68ADD5', 14934, 64340, 12, -57]
['525049494F5400000000000000000000', 1, 1, -62, -72]
['525049494F5400000000000000000000', 1, 1, -62, -63]
['525049494F5400000000000000000000', 1, 1, -62, -63]
['525049494F5400000000000000000000', 1, 1, -62, -71]
['525049494F5400000000000000000000', 1, 1, -62, -62]
['D3396D5F785E67047B67042A2A68ADD5', 14934, 64340, 12, -72]
['525049494F5400000000000000000000', 1, 1, -62, -63]
['525049494F5400000000000000000000', 1, 1, -62, -70]
['525049494F5400000000000000000000', 1, 1, -62, -55]
['525049494F5400000000000000000000', 1, 1, -62, -77]
['525049494F5400000000000000000000', 1, 1, -62, -55]
['D3396D5F785E67047B67042A2A68ADD5', 14934, 64340, 12, -76]
['525049494F5400000000000000000000', 1, 1, -62, -65]
['525049494F5400000000000000000000', 1, 1, -62, -55]
['525049494F5400000000000000000000', 1, 1, -62, -69]
['525049494F5400000000000000000000', 1, 1, -62, -55]
['525049494F5400000000000000000000', 1, 1, -62, -71]
['D3396D5F785E67047B67042A2A68ADD5', 14934, 64340, 12, -57]
['525049494F5400000000000000000000', 1, 1, -62, -55]
['525049494F5400000000000000000000', 1, 1, -62, -70]
['525049494F5400000000000000000000', 1, 1, -62, -55]
['525049494F5400000000000000000000', 1, 1, -62, -71]
['525049494F5400000000000000000000', 1, 1, -62, -55]
['525049494F5400000000000000000000', 1, 1, -62, -63]
['525049494F5400000000000000000000', 1, 1, -62, -55]
['D3396D5F785E67047B67042A2A68ADD5', 14934, 64340, 12, -55]
['525049494F5400000000000000000000', 1, 1, -62, -72]
['525049494F5400000000000000000000', 1, 1, -62, -62]
['525049494F5400000000000000000000', 1, 1, -62, -72]
['525049494F5400000000000000000000', 1, 1, -62, -62]
['525049494F5400000000000000000000', 1, 1, -62, -71]
['525049494F5400000000000000000000', 1, 1, -62, -62]
['D3396D5F785E67047B67042A2A68ADD5', 14934, 64340, 12, -71]
['525049494F5400000000000000000000', 1, 1, -62, -71]
['525049494F5400000000000000000000', 1, 1, -62, -62]
['525049494F5400000000000000000000', 1, 1, -62, -72]
['525049494F5400000000000000000000', 1, 1, -62, -63]
['525049494F5400000000000000000000', 1, 1, -62, -71]
['525049494F5400000000000000000000', 1, 1, -62, -65]
['D3396D5F785E67047B67042A2A68ADD5', 14934, 64340, 12, -57]
['525049494F5400000000000000000000', 1, 1, -62, -62]
['525049494F5400000000000000000000', 1, 1, -62, -72]
['525049494F5400000000000000000000', 1, 1, -62, -63]
['525049494F5400000000000000000000', 1, 1, -62, -63]
['D3396D5F785E67047B67042A2A68ADD5', 14934, 64340, 12, -70]
['525049494F5400000000000000000000', 1, 1, -62, -62]
['525049494F5400000000000000000000', 1, 1, -62, -62]
['525049494F5400000000000000000000', 1, 1, -62, -72]
['525049494F5400000000000000000000', 1, 1, -62, -57]
['525049494F5400000000000000000000', 1, 1, -62, -71]
['D3396D5F785E67047B67042A2A68ADD5', 14934, 64340, 12, -56]
['525049494F5400000000000000000000', 1, 1, -62, -57]
['525049494F5400000000000000000000', 1, 1, -62, -72]
['525049494F5400000000000000000000', 1, 1, -62, -56]
['525049494F5400000000000000000000', 1, 1, -62, -72]
['525049494F5400000000000000000000', 1, 1, -62, -62]
['D3396D5F785E67047B67042A2A68ADD5', 14934, 64340, 12, -87]
['525049494F5400000000000000000000', 1, 1, -62, -62]
['525049494F5400000000000000000000', 1, 1, -62, -71]
['D3396D5F785E67047B67042A2A68ADD5', 14934, 64340, 12, -57]
['525049494F5400000000000000000000', 1, 1, -62, -55]
['525049494F5400000000000000000000', 1, 1, -62, -71]
['525049494F5400000000000000000000', 1, 1, -62, -55]
['525049494F5400000000000000000000', 1, 1, -62, -57]
['D3396D5F785E67047B67042A2A68ADD5', 14934, 64340, 12, -56]
['525049494F5400000000000000000000', 1, 1, -62, -75]
['525049494F5400000000000000000000', 1, 1, -62, -57]
['525049494F5400000000000000000000', 1, 1, -62, -57]
['525049494F5400000000000000000000', 1, 1, -62, -71]
['525049494F5400000000000000000000', 1, 1, -62, -57]
['525049494F5400000000000000000000', 1, 1, -62, -71]
['525049494F5400000000000000000000', 1, 1, -62, -57]
['525049494F5400000000000000000000', 1, 1, -62, -75]
['525049494F5400000000000000000000', 1, 1, -62, -75]
['525049494F5400000000000000000000', 1, 1, -62, -55]
['525049494F5400000000000000000000', 1, 1, -62, -75]
['D3396D5F785E67047B67042A2A68ADD5', 14934, 64340, 12, -72]
['525049494F5400000000000000000000', 1, 1, -62, -56]
['525049494F5400000000000000000000', 1, 1, -62, -77]
['525049494F5400000000000000000000', 1, 1, -62, -56]
['525049494F5400000000000000000000', 1, 1, -62, -57]
['525049494F5400000000000000000000', 1, 1, -62, -56]
['525049494F5400000000000000000000', 1, 1, -62, -57]
['D3396D5F785E67047B67042A2A68ADD5', 14934, 64340, 12, -62]
['525049494F5400000000000000000000', 1, 1, -62, -75]
['525049494F5400000000000000000000', 1, 1, -62, -57]
['525049494F5400000000000000000000', 1, 1, -62, -74]
['525049494F5400000000000000000000', 1, 1, -62, -58]
['525049494F5400000000000000000000', 1, 1, -62, -75]
['D3396D5F785E67047B67042A2A68ADD5', 14934, 64340, 12, -62]
['525049494F5400000000000000000000', 1, 1, -62, -56]
['525049494F5400000000000000000000', 1, 1, -62, -57]
['525049494F5400000000000000000000', 1, 1, -62, -56]
['525049494F5400000000000000000000', 1, 1, -62, -66]
['D3396D5F785E67047B67042A2A68ADD5', 14934, 64340, 12, -71]
['525049494F5400000000000000000000', 1, 1, -62, -71]
['525049494F5400000000000000000000', 1, 1, -62, -56]
['525049494F5400000000000000000000', 1, 1, -62, -72]
['525049494F5400000000000000000000', 1, 1, -62, -79]
['525049494F5400000000000000000000', 1, 1, -62, -72]
['525049494F5400000000000000000000', 1, 1, -62, -56]
['525049494F5400000000000000000000', 1, 1, -62, -76]
['D3396D5F785E67047B67042A2A68ADD5', 14934, 64340, 12, -71]
['525049494F5400000000000000000000', 1, 1, -62, -55]
['525049494F5400000000000000000000', 1, 1, -62, -57]
['525049494F5400000000000000000000', 1, 1, -62, -71]
['525049494F5400000000000000000000', 1, 1, -62, -75]
['525049494F5400000000000000000000', 1, 1, -62, -76]
['525049494F5400000000000000000000', 1, 1, -62, -71]
['D3396D5F785E67047B67042A2A68ADD5', 14934, 64340, 12, -55]
['525049494F5400000000000000000000', 1, 1, -62, -71]
['525049494F5400000000000000000000', 1, 1, -62, -62]
['525049494F5400000000000000000000', 1, 1, -62, -70]
['525049494F5400000000000000000000', 1, 1, -62, -57]
['525049494F5400000000000000000000', 1, 1, -62, -75]
['525049494F5400000000000000000000', 1, 1, -62, -57]
['D3396D5F785E67047B67042A2A68ADD5', 14934, 64340, 12, -55]
['525049494F5400000000000000000000', 1, 1, -62, -71]
['525049494F5400000000000000000000', 1, 1, -62, -57]
['525049494F5400000000000000000000', 1, 1, -62, -63]
['525049494F5400000000000000000000', 1, 1, -62, -72]
['525049494F5400000000000000000000', 1, 1, -62, -64]
['525049494F5400000000000000000000', 1, 1, -62, -71]
['525049494F5400000000000000000000', 1, 1, -62, -66]
['D3396D5F785E67047B67042A2A68ADD5', 14934, 64340, 12, -63]
['525049494F5400000000000000000000', 1, 1, -62, -72]
['525049494F5400000000000000000000', 1, 1, -62, -57]
['525049494F5400000000000000000000', 1, 1, -62, -71]
['525049494F5400000000000000000000', 1, 1, -62, -79]
['525049494F5400000000000000000000', 1, 1, -62, -56]
['D3396D5F785E67047B67042A2A68ADD5', 14934, 64340, 12, -57]
['525049494F5400000000000000000000', 1, 1, -62, -63]
['525049494F5400000000000000000000', 1, 1, -62, -56]
['525049494F5400000000000000000000', 1, 1, -62, -57]
['525049494F5400000000000000000000', 1, 1, -62, -71]
['D3396D5F785E67047B67042A2A68ADD5', 14934, 64340, 12, -70]
['525049494F5400000000000000000000', 1, 1, -62, -62]
['525049494F5400000000000000000000', 1, 1, -62, -72]
['525049494F5400000000000000000000', 1, 1, -62, -57]
['525049494F5400000000000000000000', 1, 1, -62, -72]
['525049494F5400000000000000000000', 1, 1, -62, -58]
['525049494F5400000000000000000000', 1, 1, -62, -72]
['D3396D5F785E67047B67042A2A68ADD5', 14934, 64340, 12, -63]
['525049494F5400000000000000000000', 1, 1, -62, -57]
['525049494F5400000000000000000000', 1, 1, -62, -72]
['525049494F5400000000000000000000', 1, 1, -62, -57]
['525049494F5400000000000000000000', 1, 1, -62, -71]
['525049494F5400000000000000000000', 1, 1, -62, -58]
['525049494F5400000000000000000000', 1, 1, -62, -71]
['D3396D5F785E67047B67042A2A68ADD5', 14934, 64340, 12, -57]
['525049494F5400000000000000000000', 1, 1, -62, -63]
['525049494F5400000000000000000000', 1, 1, -62, -57]
['525049494F5400000000000000000000', 1, 1, -62, -64]
['525049494F5400000000000000000000', 1, 1, -62, -57]
['525049494F5400000000000000000000', 1, 1, -62, -56]
['525049494F5400000000000000000000', 1, 1, -62, -58]
['525049494F5400000000000000000000', 1, 1, -62, -56]
['525049494F5400000000000000000000', 1, 1, -62, -63]
['525049494F5400000000000000000000', 1, 1, -62, -56]
['525049494F5400000000000000000000', 1, 1, -62, -62]
['525049494F5400000000000000000000', 1, 1, -62, -55]
['D3396D5F785E67047B67042A2A68ADD5', 14934, 64340, 12, -72]
['525049494F5400000000000000000000', 1, 1, -62, -72]
['525049494F5400000000000000000000', 1, 1, -62, -56]
['525049494F5400000000000000000000', 1, 1, -62, -62]
['525049494F5400000000000000000000', 1, 1, -62, -56]
['525049494F5400000000000000000000', 1, 1, -62, -63]
['525049494F5400000000000000000000', 1, 1, -62, -56]
['D3396D5F785E67047B67042A2A68ADD5', 14934, 64340, 12, -56]
['525049494F5400000000000000000000', 1, 1, -62, -63]
['525049494F5400000000000000000000', 1, 1, -62, -56]
['525049494F5400000000000000000000', 1, 1, -62, -72]
['525049494F5400000000000000000000', 1, 1, -62, -56]
['525049494F5400000000000000000000', 1, 1, -62, -71]
['525049494F5400000000000000000000', 1, 1, -62, -63]
['D3396D5F785E67047B67042A2A68ADD5', 14934, 64340, 12, -57]
['525049494F5400000000000000000000', 1, 1, -62, -71]
['525049494F5400000000000000000000', 1, 1, -62, -56]
['525049494F5400000000000000000000', 1, 1, -62, -72]
['525049494F5400000000000000000000', 1, 1, -62, -63]
['525049494F5400000000000000000000', 1, 1, -62, -63]
['525049494F5400000000000000000000', 1, 1, -62, -71]
['525049494F5400000000000000000000', 1, 1, -62, -56]
['525049494F5400000000000000000000', 1, 1, -62, -71]
['525049494F5400000000000000000000', 1, 1, -62, -56]
['525049494F5400000000000000000000', 1, 1, -62, -57]
['525049494F5400000000000000000000', 1, 1, -62, -76]
['D3396D5F785E67047B67042A2A68ADD5', 14934, 64340, 12, -73]
['525049494F5400000000000000000000', 1, 1, -62, -57]
['525049494F5400000000000000000000', 1, 1, -62, -76]
['525049494F5400000000000000000000', 1, 1, -62, -72]
['525049494F5400000000000000000000', 1, 1, -62, -62]
['525049494F5400000000000000000000', 1, 1, -62, -72]
['D3396D5F785E67047B67042A2A68ADD5', 14934, 64340, 12, -62]
['525049494F5400000000000000000000', 1, 1, -62, -63]
['525049494F5400000000000000000000', 1, 1, -62, -72]
['525049494F5400000000000000000000', 1, 1, -62, -71]
['525049494F5400000000000000000000', 1, 1, -62, -67]
['525049494F5400000000000000000000', 1, 1, -62, -72]
['D3396D5F785E67047B67042A2A68ADD5', 14934, 64340, 12, -57]
['525049494F5400000000000000000000', 1, 1, -62, -64]
['525049494F5400000000000000000000', 1, 1, -62, -72]
['525049494F5400000000000000000000', 1, 1, -62, -57]
['525049494F5400000000000000000000', 1, 1, -62, -72]
['525049494F5400000000000000000000', 1, 1, -62, -57]
['525049494F5400000000000000000000', 1, 1, -62, -77]
['D3396D5F785E67047B67042A2A68ADD5', 14934, 64340, 12, -71]
['525049494F5400000000000000000000', 1, 1, -62, -57]
['525049494F5400000000000000000000', 1, 1, -62, -72]
['525049494F5400000000000000000000', 1, 1, -62, -57]
['525049494F5400000000000000000000', 1, 1, -62, -72]
['525049494F5400000000000000000000', 1, 1, -62, -57]
['525049494F5400000000000000000000', 1, 1, -62, -71]
['D3396D5F785E67047B67042A2A68ADD5', 14934, 64340, 12, -56]
['525049494F5400000000000000000000', 1, 1, -62, -57]
['525049494F5400000000000000000000', 1, 1, -62, -71]
['525049494F5400000000000000000000', 1, 1, -62, -57]
['525049494F5400000000000000000000', 1, 1, -62, -76]
['525049494F5400000000000000000000', 1, 1, -62, -76]
['D3396D5F785E67047B67042A2A68ADD5', 14934, 64340, 12, -77]
['525049494F5400000000000000000000', 1, 1, -62, -76]
['525049494F5400000000000000000000', 1, 1, -62, -57]
['525049494F5400000000000000000000', 1, 1, -62, -78]
['525049494F5400000000000000000000', 1, 1, -62, -56]
['525049494F5400000000000000000000', 1, 1, -62, -77]
['D3396D5F785E67047B67042A2A68ADD5', 14934, 64340, 12, -72]
['525049494F5400000000000000000000', 1, 1, -62, -77]
['525049494F5400000000000000000000', 1, 1, -62, -57]
['525049494F5400000000000000000000', 1, 1, -62, -78]
['525049494F5400000000000000000000', 1, 1, -62, -57]
['525049494F5400000000000000000000', 1, 1, -62, -71]
['525049494F5400000000000000000000', 1, 1, -62, -57]
['D3396D5F785E67047B67042A2A68ADD5', 14934, 64340, 12, -57]
['525049494F5400000000000000000000', 1, 1, -62, -72]
['525049494F5400000000000000000000', 1, 1, -62, -57]
['525049494F5400000000000000000000', 1, 1, -62, -71]
['525049494F5400000000000000000000', 1, 1, -62, -57]
['525049494F5400000000000000000000', 1, 1, -62, -77]
['525049494F5400000000000000000000', 1, 1, -62, -56]
['D3396D5F785E67047B67042A2A68ADD5', 14934, 64340, 12, -56]
['525049494F5400000000000000000000', 1, 1, -62, -63]
['525049494F5400000000000000000000', 1, 1, -62, -56]
['525049494F5400000000000000000000', 1, 1, -62, -57]
['525049494F5400000000000000000000', 1, 1, -62, -72]
['525049494F5400000000000000000000', 1, 1, -62, -57]
['525049494F5400000000000000000000', 1, 1, -62, -57]
['D3396D5F785E67047B67042A2A68ADD5', 14934, 64340, 12, -63]
['525049494F5400000000000000000000', 1, 1, -62, -58]
['525049494F5400000000000000000000', 1, 1, -62, -56]
['525049494F5400000000000000000000', 1, 1, -62, -57]
['D3396D5F785E67047B67042A2A68ADD5', 14934, 64340, 12, -77]
['525049494F5400000000000000000000', 1, 1, -62, -77]
['525049494F5400000000000000000000', 1, 1, -62, -56]
['525049494F5400000000000000000000', 1, 1, -62, -77]
['525049494F5400000000000000000000', 1, 1, -62, -57]
['525049494F5400000000000000000000', 1, 1, -62, -76]
['D3396D5F785E67047B67042A2A68ADD5', 14934, 64340, 12, -57]
['525049494F5400000000000000000000', 1, 1, -62, -64]
['525049494F5400000000000000000000', 1, 1, -62, -62]
['525049494F5400000000000000000000', 1, 1, -62, -63]
['525049494F5400000000000000000000', 1, 1, -62, -58]
['D3396D5F785E67047B67042A2A68ADD5', 14934, 64340, 12, -57]
['525049494F5400000000000000000000', 1, 1, -62, -66]
['525049494F5400000000000000000000', 1, 1, -62, -57]
['525049494F5400000000000000000000', 1, 1, -62, -56]
['525049494F5400000000000000000000', 1, 1, -62, -58]
['525049494F5400000000000000000000', 1, 1, -62, -67]
['525049494F5400000000000000000000', 1, 1, -62, -57]
['525049494F5400000000000000000000', 1, 1, -62, -63]
['D3396D5F785E67047B67042A2A68ADD5', 14934, 64340, 12, -72]
['525049494F5400000000000000000000', 1, 1, -62, -57]
['525049494F5400000000000000000000', 1, 1, -62, -62]
['525049494F5400000000000000000000', 1, 1, -62, -72]
['525049494F5400000000000000000000', 1, 1, -62, -57]
['525049494F5400000000000000000000', 1, 1, -62, -77]
['D3396D5F785E67047B67042A2A68ADD5', 14934, 64340, 12, -72]
['525049494F5400000000000000000000', 1, 1, -62, -76]
['525049494F5400000000000000000000', 1, 1, -62, -56]
['525049494F5400000000000000000000', 1, 1, -62, -57]
['525049494F5400000000000000000000', 1, 1, -62, -56]
['525049494F5400000000000000000000', 1, 1, -62, -56]
['525049494F5400000000000000000000', 1, 1, -62, -77]
['D3396D5F785E67047B67042A2A68ADD5', 14934, 64340, 12, -55]
['525049494F5400000000000000000000', 1, 1, -62, -76]
['525049494F5400000000000000000000', 1, 1, -62, -57]
['525049494F5400000000000000000000', 1, 1, -62, -77]
['525049494F5400000000000000000000', 1, 1, -62, -56]
['525049494F5400000000000000000000', 1, 1, -62, -76]
['525049494F5400000000000000000000', 1, 1, -62, -78]
['525049494F5400000000000000000000', 1, 1, -62, -56]
['525049494F5400000000000000000000', 1, 1, -62, -76]
['525049494F5400000000000000000000', 1, 1, -62, -56]
['525049494F5400000000000000000000', 1, 1, -62, -72]
['525049494F5400000000000000000000', 1, 1, -62, -56]
['D3396D5F785E67047B67042A2A68ADD5', 14934, 64340, 12, -58]
['525049494F5400000000000000000000', 1, 1, -62, -71]
['525049494F5400000000000000000000', 1, 1, -62, -57]
['525049494F5400000000000000000000', 1, 1, -62, -71]
['525049494F5400000000000000000000', 1, 1, -62, -56]
['525049494F5400000000000000000000', 1, 1, -62, -72]
['525049494F5400000000000000000000', 1, 1, -62, -56]
['D3396D5F785E67047B67042A2A68ADD5', 14934, 64340, 12, -57]
['525049494F5400000000000000000000', 1, 1, -62, -76]
['525049494F5400000000000000000000', 1, 1, -62, -76]
['525049494F5400000000000000000000', 1, 1, -62, -57]
['525049494F5400000000000000000000', 1, 1, -62, -57]
['525049494F5400000000000000000000', 1, 1, -62, -57]
['D3396D5F785E67047B67042A2A68ADD5', 14934, 64340, 12, -57]
['525049494F5400000000000000000000', 1, 1, -62, -57]
['525049494F5400000000000000000000', 1, 1, -62, -56]
['525049494F5400000000000000000000', 1, 1, -62, -64]
['525049494F5400000000000000000000', 1, 1, -62, -58]
['525049494F5400000000000000000000', 1, 1, -62, -77]
['525049494F5400000000000000000000', 1, 1, -62, -56]
['D3396D5F785E67047B67042A2A68ADD5', 14934, 64340, 12, -72]
['525049494F5400000000000000000000', 1, 1, -62, -56]
['525049494F5400000000000000000000', 1, 1, -62, -58]
['525049494F5400000000000000000000', 1, 1, -62, -76]
['525049494F5400000000000000000000', 1, 1, -62, -56]
['525049494F5400000000000000000000', 1, 1, -62, -68]
['D3396D5F785E67047B67042A2A68ADD5', 14934, 64340, 12, -78]
['525049494F5400000000000000000000', 1, 1, -62, -61]
['525049494F5400000000000000000000', 1, 1, -62, -58]
['525049494F5400000000000000000000', 1, 1, -62, -56]
['525049494F5400000000000000000000', 1, 1, -62, -63]
['D3396D5F785E67047B67042A2A68ADD5', 14934, 64340, 12, -66]
['525049494F5400000000000000000000', 1, 1, -62, -63]
['525049494F5400000000000000000000', 1, 1, -62, -72]
['525049494F5400000000000000000000', 1, 1, -62, -57]
['525049494F5400000000000000000000', 1, 1, -62, -71]
['525049494F5400000000000000000000', 1, 1, -62, -79]
['D3396D5F785E67047B67042A2A68ADD5', 14934, 64340, 12, -58]
['525049494F5400000000000000000000', 1, 1, -62, -71]
['525049494F5400000000000000000000', 1, 1, -62, -62]
['525049494F5400000000000000000000', 1, 1, -62, -71]
['525049494F5400000000000000000000', 1, 1, -62, -62]
['525049494F5400000000000000000000', 1, 1, -62, -55]
['525049494F5400000000000000000000', 1, 1, -62, -58]
['525049494F5400000000000000000000', 1, 1, -62, -70]
['D3396D5F785E67047B67042A2A68ADD5', 14934, 64340, 12, -71]
['525049494F5400000000000000000000', 1, 1, -62, -63]
['525049494F5400000000000000000000', 1, 1, -62, -70]
['525049494F5400000000000000000000', 1, 1, -62, -58]
['525049494F5400000000000000000000', 1, 1, -62, -71]
['525049494F5400000000000000000000', 1, 1, -62, -62]
['525049494F5400000000000000000000', 1, 1, -62, -71]
['525049494F5400000000000000000000', 1, 1, -62, -63]
['525049494F5400000000000000000000', 1, 1, -62, -70]
['525049494F5400000000000000000000', 1, 1, -62, -62]
['525049494F5400000000000000000000', 1, 1, -62, -70]
['525049494F5400000000000000000000', 1, 1, -62, -62]
['525049494F5400000000000000000000', 1, 1, -62, -62]
['525049494F5400000000000000000000', 1, 1, -62, -70]
['525049494F5400000000000000000000', 1, 1, -62, -61]
['525049494F5400000000000000000000', 1, 1, -62, -62]
['525049494F5400000000000000000000', 1, 1, -62, -57]
['525049494F5400000000000000000000', 1, 1, -62, -75]
['525049494F5400000000000000000000', 1, 1, -62, -75]
['525049494F5400000000000000000000', 1, 1, -62, -55]
['525049494F5400000000000000000000', 1, 1, -62, -75]
['525049494F5400000000000000000000', 1, 1, -62, -57]
['525049494F5400000000000000000000', 1, 1, -62, -58]
['525049494F5400000000000000000000', 1, 1, -62, -71]
['525049494F5400000000000000000000', 1, 1, -62, -58]
['525049494F5400000000000000000000', 1, 1, -62, -70]
['D3396D5F785E67047B67042A2A68ADD5', 14934, 64340, 12, -71]
['525049494F5400000000000000000000', 1, 1, -62, -57]
['525049494F5400000000000000000000', 1, 1, -62, -71]
['525049494F5400000000000000000000', 1, 1, -62, -62]
['525049494F5400000000000000000000', 1, 1, -62, -62]
['D3396D5F785E67047B67042A2A68ADD5', 14934, 64340, 12, -75]
['525049494F5400000000000000000000', 1, 1, -62, -70]
['525049494F5400000000000000000000', 1, 1, -62, -67]
['525049494F5400000000000000000000', 1, 1, -62, -55]
['525049494F5400000000000000000000', 1, 1, -62, -72]
['525049494F5400000000000000000000', 1, 1, -62, -62]
['D3396D5F785E67047B67042A2A68ADD5', 14934, 64340, 12, -72]
['525049494F5400000000000000000000', 1, 1, -62, -72]
['525049494F5400000000000000000000', 1, 1, -62, -62]
['525049494F5400000000000000000000', 1, 1, -62, -55]
['525049494F5400000000000000000000', 1, 1, -62, -62]
['525049494F5400000000000000000000', 1, 1, -62, -55]
['525049494F5400000000000000000000', 1, 1, -62, -72]
['D3396D5F785E67047B67042A2A68ADD5', 14934, 64340, 12, -55]
['525049494F5400000000000000000000', 1, 1, -62, -55]
['525049494F5400000000000000000000', 1, 1, -62, -72]
['525049494F5400000000000000000000', 1, 1, -62, -55]
['525049494F5400000000000000000000', 1, 1, -62, -72]
['525049494F5400000000000000000000', 1, 1, -62, -55]
['525049494F5400000000000000000000', 1, 1, -62, -72]
['D3396D5F785E67047B67042A2A68ADD5', 14934, 64340, 12, -55]
['525049494F5400000000000000000000', 1, 1, -62, -55]
['525049494F5400000000000000000000', 1, 1, -62, -62]
['525049494F5400000000000000000000', 1, 1, -62, -55]
['525049494F5400000000000000000000', 1, 1, -62, -61]
['525049494F5400000000000000000000', 1, 1, -62, -55]
['525049494F5400000000000000000000', 1, 1, -62, -71]
['525049494F5400000000000000000000', 1, 1, -62, -55]
['D3396D5F785E67047B67042A2A68ADD5', 14934, 64340, 12, -74]
['525049494F5400000000000000000000', 1, 1, -62, -61]
['525049494F5400000000000000000000', 1, 1, -62, -54]
['525049494F5400000000000000000000', 1, 1, -62, -71]
['525049494F5400000000000000000000', 1, 1, -62, -71]
['525049494F5400000000000000000000', 1, 1, -62, -55]
['D3396D5F785E67047B67042A2A68ADD5', 14934, 64340, 12, -57]
['525049494F5400000000000000000000', 1, 1, -62, -71]
['525049494F5400000000000000000000', 1, 1, -62, -70]
['525049494F5400000000000000000000', 1, 1, -62, -78]
['525049494F5400000000000000000000', 1, 1, -62, -58]
['D3396D5F785E67047B67042A2A68ADD5', 14934, 64340, 12, -58]
['525049494F5400000000000000000000', 1, 1, -62, -58]
['525049494F5400000000000000000000', 1, 1, -62, -55]
['525049494F5400000000000000000000', 1, 1, -62, -58]
['525049494F5400000000000000000000', 1, 1, -62, -55]
['525049494F5400000000000000000000', 1, 1, -62, -62]
['D3396D5F785E67047B67042A2A68ADD5', 14934, 64340, 12, -55]
['525049494F5400000000000000000000', 1, 1, -62, -75]
['525049494F5400000000000000000000', 1, 1, -62, -58]
['525049494F5400000000000000000000', 1, 1, -62, -75]
['525049494F5400000000000000000000', 1, 1, -62, -55]
['525049494F5400000000000000000000', 1, 1, -62, -63]
['525049494F5400000000000000000000', 1, 1, -62, -56]
['525049494F5400000000000000000000', 1, 1, -62, -58]
['525049494F5400000000000000000000', 1, 1, -62, -55]
['525049494F5400000000000000000000', 1, 1, -62, -58]
['525049494F5400000000000000000000', 1, 1, -62, -55]
['525049494F5400000000000000000000', 1, 1, -62, -57]
['525049494F5400000000000000000000', 1, 1, -62, -57]
['D3396D5F785E67047B67042A2A68ADD5', 14934, 64340, 12, -72]
['525049494F5400000000000000000000', 1, 1, -62, -76]
['525049494F5400000000000000000000', 1, 1, -62, -56]
['525049494F5400000000000000000000', 1, 1, -62, -75]
['525049494F5400000000000000000000', 1, 1, -62, -76]
['525049494F5400000000000000000000', 1, 1, -62, -55]
['D3396D5F785E67047B67042A2A68ADD5', 14934, 64340, 12, -57]
['525049494F5400000000000000000000', 1, 1, -62, -75]
['525049494F5400000000000000000000', 1, 1, -62, -55]
['525049494F5400000000000000000000', 1, 1, -62, -72]
['525049494F5400000000000000000000', 1, 1, -62, -55]
['525049494F5400000000000000000000', 1, 1, -62, -72]
['525049494F5400000000000000000000', 1, 1, -62, -55]
['D3396D5F785E67047B67042A2A68ADD5', 14934, 64340, 12, -55]
['525049494F5400000000000000000000', 1, 1, -62, -58]
['525049494F5400000000000000000000', 1, 1, -62, -55]
['525049494F5400000000000000000000', 1, 1, -62, -58]
['525049494F5400000000000000000000', 1, 1, -62, -55]
['525049494F5400000000000000000000', 1, 1, -62, -62]
['525049494F5400000000000000000000', 1, 1, -62, -71]
['525049494F5400000000000000000000', 1, 1, -62, -62]
['525049494F5400000000000000000000', 1, 1, -62, -57]
['525049494F5400000000000000000000', 1, 1, -62, -55]
['525049494F5400000000000000000000', 1, 1, -62, -58]
['525049494F5400000000000000000000', 1, 1, -62, -71]
['525049494F5400000000000000000000', 1, 1, -62, -61]
['D3396D5F785E67047B67042A2A68ADD5', 14934, 64340, 12, -75]
['525049494F5400000000000000000000', 1, 1, -62, -62]
['525049494F5400000000000000000000', 1, 1, -62, -70]
['525049494F5400000000000000000000', 1, 1, -62, -62]
['525049494F5400000000000000000000', 1, 1, -62, -58]
['525049494F5400000000000000000000', 1, 1, -62, -55]
['525049494F5400000000000000000000', 1, 1, -62, -72]
['D3396D5F785E67047B67042A2A68ADD5', 14934, 64340, 12, -62]
['525049494F5400000000000000000000', 1, 1, -62, -55]
['525049494F5400000000000000000000', 1, 1, -62, -76]
['525049494F5400000000000000000000', 1, 1, -62, -57]
['525049494F5400000000000000000000', 1, 1, -62, -75]
['525049494F5400000000000000000000', 1, 1, -62, -76]
['D3396D5F785E67047B67042A2A68ADD5', 14934, 64340, 12, -72]
['525049494F5400000000000000000000', 1, 1, -62, -57]

