['525049494F5400000000000000000000', 1, 3, -62, -52]
['525049494F5400000000000000000000', 1, 3, -62, -37]
['525049494F5400000000000000000000', 1, 3, -62, -51]
['525049494F5400000000000000000000', 1, 3, -62, -52]
['525049494F5400000000000000000000', 1, 3, -62, -61]
['5969400EBAB3EB26137866017EF806E2', 10715, 12246, -107, -37]
['525049494F5400000000000000000000', 1, 3, -62, -48]
['525049494F5400000000000000000000', 1, 3, -62, -61]
['525049494F5400000000000000000000', 1, 3, -62, -37]
['525049494F5400000000000000000000', 1, 3, -62, -39]
['525049494F5400000000000000000000', 1, 3, -62, -38]
['525049494F5400000000000000000000', 1, 3, -62, -35]
['5969400EBAB3EB26137866017EF806E2', 10715, 12246, -107, -35]
['525049494F5400000000000000000000', 1, 3, -62, -37]
['525049494F5400000000000000000000', 1, 3, -62, -38]
['525049494F5400000000000000000000', 1, 3, -62, -39]
['525049494F5400000000000000000000', 1, 3, -62, -52]
['525049494F5400000000000000000000', 1, 3, -62, -35]
['5969400EBAB3EB26137866017EF806E2', 10715, 12246, -107, -54]
['525049494F5400000000000000000000', 1, 3, -62, -52]
['525049494F5400000000000000000000', 1, 3, -62, -51]
['525049494F5400000000000000000000', 1, 3, -62, -51]
['525049494F5400000000000000000000', 1, 3, -62, -35]
['5969400EBAB3EB26137866017EF806E2', 10715, 12246, -107, -54]
['525049494F5400000000000000000000', 1, 3, -62, -35]
['525049494F5400000000000000000000', 1, 3, -62, -54]
['525049494F5400000000000000000000', 1, 3, -62, -37]
['525049494F5400000000000000000000', 1, 3, -62, -54]
['525049494F5400000000000000000000', 1, 3, -62, -37]
['525049494F5400000000000000000000', 1, 3, -62, -38]
['5969400EBAB3EB26137866017EF806E2', 10715, 12246, -107, -51]
['525049494F5400000000000000000000', 1, 3, -62, -48]
['525049494F5400000000000000000000', 1, 3, -62, -37]
['525049494F5400000000000000000000', 1, 3, -62, -52]
['525049494F5400000000000000000000', 1, 3, -62, -39]
['5969400EBAB3EB26137866017EF806E2', 10715, 12246, -107, -48]
['525049494F5400000000000000000000', 1, 3, -62, -52]
['525049494F5400000000000000000000', 1, 3, -62, -35]
['525049494F5400000000000000000000', 1, 3, -62, -52]
['525049494F5400000000000000000000', 1, 3, -62, -35]
['525049494F5400000000000000000000', 1, 3, -62, -35]
['5969400EBAB3EB26137866017EF806E2', 10715, 12246, -107, -38]
['525049494F5400000000000000000000', 1, 3, -62, -54]
['525049494F5400000000000000000000', 1, 3, -62, -35]
['525049494F5400000000000000000000', 1, 3, -62, -52]
['525049494F5400000000000000000000', 1, 3, -62, -35]
['525049494F5400000000000000000000', 1, 3, -62, -52]
['525049494F5400000000000000000000', 1, 3, -62, -35]
['5969400EBAB3EB26137866017EF806E2', 10715, 12246, -107, -37]
['525049494F5400000000000000000000', 1, 3, -62, -61]
['525049494F5400000000000000000000', 1, 3, -62, -44]
['525049494F5400000000000000000000', 1, 3, -62, -51]
['525049494F5400000000000000000000', 1, 3, -62, -35]
['525049494F5400000000000000000000', 1, 3, -62, -47]
['525049494F5400000000000000000000', 1, 3, -62, -37]
['5969400EBAB3EB26137866017EF806E2', 10715, 12246, -107, -37]
['525049494F5400000000000000000000', 1, 3, -62, -35]
['525049494F5400000000000000000000', 1, 3, -62, -37]
['525049494F5400000000000000000000', 1, 3, -62, -54]
['525049494F5400000000000000000000', 1, 3, -62, -35]
['525049494F5400000000000000000000', 1, 3, -62, -54]
['525049494F5400000000000000000000', 1, 3, -62, -38]
['5969400EBAB3EB26137866017EF806E2', 10715, 12246, -107, -52]
['525049494F5400000000000000000000', 1, 3, -62, -35]
['525049494F5400000000000000000000', 1, 3, -62, -38]
['525049494F5400000000000000000000', 1, 3, -62, -35]
['525049494F5400000000000000000000', 1, 3, -62, -37]
['525049494F5400000000000000000000', 1, 3, -62, -39]
['5969400EBAB3EB26137866017EF806E2', 10715, 12246, -107, -35]
['525049494F5400000000000000000000', 1, 3, -62, -47]
['525049494F5400000000000000000000', 1, 3, -62, -37]
['525049494F5400000000000000000000', 1, 3, -62, -48]
['525049494F5400000000000000000000', 1, 3, -62, -37]
['525049494F5400000000000000000000', 1, 3, -62, -37]
['5969400EBAB3EB26137866017EF806E2', 10715, 12246, -107, -35]
['525049494F5400000000000000000000', 1, 3, -62, -48]
['525049494F5400000000000000000000', 1, 3, -62, -37]
['525049494F5400000000000000000000', 1, 3, -62, -55]
['525049494F5400000000000000000000', 1, 3, -62, -37]
['525049494F5400000000000000000000', 1, 3, -62, -54]
['525049494F5400000000000000000000', 1, 3, -62, -35]
['525049494F5400000000000000000000', 1, 3, -62, -54]
['525049494F5400000000000000000000', 1, 3, -62, -37]
['525049494F5400000000000000000000', 1, 3, -62, -35]
['5969400EBAB3EB26137866017EF806E2', 10715, 12246, -107, -38]
['525049494F5400000000000000000000', 1, 3, -62, -35]
['525049494F5400000000000000000000', 1, 3, -62, -38]
['525049494F5400000000000000000000', 1, 3, -62, -37]
['525049494F5400000000000000000000', 1, 3, -62, -47]
['525049494F5400000000000000000000', 1, 3, -62, -37]
['5969400EBAB3EB26137866017EF806E2', 10715, 12246, -107, -37]
['525049494F5400000000000000000000', 1, 3, -62, -54]
['525049494F5400000000000000000000', 1, 3, -62, -37]
['525049494F5400000000000000000000', 1, 3, -62, -61]
['525049494F5400000000000000000000', 1, 3, -62, -37]
['525049494F5400000000000000000000', 1, 3, -62, -39]
['525049494F5400000000000000000000', 1, 3, -62, -37]
['5969400EBAB3EB26137866017EF806E2', 10715, 12246, -107, -35]
['525049494F5400000000000000000000', 1, 3, -62, -51]
['525049494F5400000000000000000000', 1, 3, -62, -39]
['525049494F5400000000000000000000', 1, 3, -62, -47]
['525049494F5400000000000000000000', 1, 3, -62, -48]
['525049494F5400000000000000000000', 1, 3, -62, -38]
['5969400EBAB3EB26137866017EF806E2', 10715, 12246, -107, -35]
['525049494F5400000000000000000000', 1, 3, -62, -48]
['525049494F5400000000000000000000', 1, 3, -62, -39]
['525049494F5400000000000000000000', 1, 3, -62, -48]
['525049494F5400000000000000000000', 1, 3, -62, -38]
['525049494F5400000000000000000000', 1, 3, -62, -48]
['525049494F5400000000000000000000', 1, 3, -62, -37]
['5969400EBAB3EB26137866017EF806E2', 10715, 12246, -107, -54]
['525049494F5400000000000000000000', 1, 3, -62, -50]
['525049494F5400000000000000000000', 1, 3, -62, -38]
['525049494F5400000000000000000000', 1, 3, -62, -48]
['525049494F5400000000000000000000', 1, 3, -62, -39]
['525049494F5400000000000000000000', 1, 3, -62, -49]
['525049494F5400000000000000000000', 1, 3, -62, -37]
['5969400EBAB3EB26137866017EF806E2', 10715, 12246, -107, -37]
['525049494F5400000000000000000000', 1, 3, -62, -37]
['525049494F5400000000000000000000', 1, 3, -62, -37]
['525049494F5400000000000000000000', 1, 3, -62, -35]
['525049494F5400000000000000000000', 1, 3, -62, -38]
['5969400EBAB3EB26137866017EF806E2', 10715, 12246, -107, -35]
['525049494F5400000000000000000000', 1, 3, -62, -35]
['525049494F5400000000000000000000', 1, 3, -62, -39]
['525049494F5400000000000000000000', 1, 3, -62, -52]
['525049494F5400000000000000000000', 1, 3, -62, -35]
['525049494F5400000000000000000000', 1, 3, -62, -52]
['5969400EBAB3EB26137866017EF806E2', 10715, 12246, -107, -61]
['525049494F5400000000000000000000', 1, 3, -62, -52]
['525049494F5400000000000000000000', 1, 3, -62, -38]
['525049494F5400000000000000000000', 1, 3, -62, -52]
['525049494F5400000000000000000000', 1, 3, -62, -39]
['525049494F5400000000000000000000', 1, 3, -62, -52]
['5969400EBAB3EB26137866017EF806E2', 10715, 12246, -107, -52]
['525049494F5400000000000000000000', 1, 3, -62, -51]
['525049494F5400000000000000000000', 1, 3, -62, -52]
['525049494F5400000000000000000000', 1, 3, -62, -35]
['525049494F5400000000000000000000', 1, 3, -62, -38]
['525049494F5400000000000000000000', 1, 3, -62, -35]
['5969400EBAB3EB26137866017EF806E2', 10715, 12246, -107, -48]
['525049494F5400000000000000000000', 1, 3, -62, -52]
['525049494F5400000000000000000000', 1, 3, -62, -35]
['525049494F5400000000000000000000', 1, 3, -62, -52]
['525049494F5400000000000000000000', 1, 3, -62, -35]
['525049494F5400000000000000000000', 1, 3, -62, -54]
['525049494F5400000000000000000000', 1, 3, -62, -35]
['5969400EBAB3EB26137866017EF806E2', 10715, 12246, -107, -35]
['525049494F5400000000000000000000', 1, 3, -62, -55]
['525049494F5400000000000000000000', 1, 3, -62, -35]
['525049494F5400000000000000000000', 1, 3, -62, -55]
['525049494F5400000000000000000000', 1, 3, -62, -35]
['525049494F5400000000000000000000', 1, 3, -62, -54]
['525049494F5400000000000000000000', 1, 3, -62, -35]
['5969400EBAB3EB26137866017EF806E2', 10715, 12246, -107, -38]
['525049494F5400000000000000000000', 1, 3, -62, -39]
['525049494F5400000000000000000000', 1, 3, -62, -35]
['525049494F5400000000000000000000', 1, 3, -62, -38]
['525049494F5400000000000000000000', 1, 3, -62, -35]
['525049494F5400000000000000000000', 1, 3, -62, -37]
['5969400EBAB3EB26137866017EF806E2', 10715, 12246, -107, -37]
['525049494F5400000000000000000000', 1, 3, -62, -35]
['525049494F5400000000000000000000', 1, 3, -62, -38]
['525049494F5400000000000000000000', 1, 3, -62, -54]
['525049494F5400000000000000000000', 1, 3, -62, -35]
['525049494F5400000000000000000000', 1, 3, -62, -54]
['525049494F5400000000000000000000', 1, 3, -62, -35]
['5969400EBAB3EB26137866017EF806E2', 10715, 12246, -107, -50]
['525049494F5400000000000000000000', 1, 3, -62, -54]
['525049494F5400000000000000000000', 1, 3, -62, -59]
['525049494F5400000000000000000000', 1, 3, -62, -54]
['525049494F5400000000000000000000', 1, 3, -62, -37]
['525049494F5400000000000000000000', 1, 3, -62, -54]
['525049494F5400000000000000000000', 1, 3, -62, -35]
['525049494F5400000000000000000000', 1, 3, -62, -55]
['525049494F5400000000000000000000', 1, 3, -62, -35]
['525049494F5400000000000000000000', 1, 3, -62, -52]
['525049494F5400000000000000000000', 1, 3, -62, -52]
['525049494F5400000000000000000000', 1, 3, -62, -35]
['5969400EBAB3EB26137866017EF806E2', 10715, 12246, -107, -38]
['525049494F5400000000000000000000', 1, 3, -62, -35]
['525049494F5400000000000000000000', 1, 3, -62, -38]
['525049494F5400000000000000000000', 1, 3, -62, -35]
['525049494F5400000000000000000000', 1, 3, -62, -38]
['525049494F5400000000000000000000', 1, 3, -62, -35]
['5969400EBAB3EB26137866017EF806E2', 10715, 12246, -107, -47]
['525049494F5400000000000000000000', 1, 3, -62, -39]
['525049494F5400000000000000000000', 1, 3, -62, -35]
['525049494F5400000000000000000000', 1, 3, -62, -39]
['525049494F5400000000000000000000', 1, 3, -62, -38]
['525049494F5400000000000000000000', 1, 3, -62, -38]
['525049494F5400000000000000000000', 1, 3, -62, -35]
['525049494F5400000000000000000000', 1, 3, -62, -54]
['5969400EBAB3EB26137866017EF806E2', 10715, 12246, -107, -54]

