['525049494F5400000000000000000000', 1, 3, -62, -31]
['525049494F5400000000000000000000', 1, 3, -62, -48]
['525049494F5400000000000000000000', 1, 3, -62, -37]
['5969400EBAB3EB26137866017EF806E2', 10715, 12246, -107, -48]
['525049494F5400000000000000000000', 1, 3, -62, -48]
['525049494F5400000000000000000000', 1, 3, -62, -32]
['525049494F5400000000000000000000', 1, 3, -62, -37]
['525049494F5400000000000000000000', 1, 3, -62, -32]
['525049494F5400000000000000000000', 1, 3, -62, -54]
['525049494F5400000000000000000000', 1, 3, -62, -32]
['525049494F5400000000000000000000', 1, 3, -62, -53]
['5969400EBAB3EB26137866017EF806E2', 10715, 12246, -107, -45]
['525049494F5400000000000000000000', 1, 3, -62, -33]
['525049494F5400000000000000000000', 1, 3, -62, -53]
['525049494F5400000000000000000000', 1, 3, -62, -31]
['525049494F5400000000000000000000', 1, 3, -62, -37]
['525049494F5400000000000000000000', 1, 3, -62, -53]
['5969400EBAB3EB26137866017EF806E2', 10715, 12246, -107, -37]
['525049494F5400000000000000000000', 1, 3, -62, -33]
['525049494F5400000000000000000000', 1, 3, -62, -52]
['525049494F5400000000000000000000', 1, 3, -62, -31]
['525049494F5400000000000000000000', 1, 3, -62, -47]
['525049494F5400000000000000000000', 1, 3, -62, -32]
['5969400EBAB3EB26137866017EF806E2', 10715, 12246, -107, -49]
['525049494F5400000000000000000000', 1, 3, -62, -32]
['525049494F5400000000000000000000', 1, 3, -62, -52]
['525049494F5400000000000000000000', 1, 3, -62, -34]
['525049494F5400000000000000000000', 1, 3, -62, -52]
['525049494F5400000000000000000000', 1, 3, -62, -31]
['525049494F5400000000000000000000', 1, 3, -62, -52]
['5969400EBAB3EB26137866017EF806E2', 10715, 12246, -107, -45]
['525049494F5400000000000000000000', 1, 3, -62, -31]
['525049494F5400000000000000000000', 1, 3, -62, -53]
['525049494F5400000000000000000000', 1, 3, -62, -33]
['525049494F5400000000000000000000', 1, 3, -62, -53]
['525049494F5400000000000000000000', 1, 3, -62, -34]
['525049494F5400000000000000000000', 1, 3, -62, -52]
['5969400EBAB3EB26137866017EF806E2', 10715, 12246, -107, -31]
['525049494F5400000000000000000000', 1, 3, -62, -34]
['525049494F5400000000000000000000', 1, 3, -62, -34]
['525049494F5400000000000000000000', 1, 3, -62, -33]
['525049494F5400000000000000000000', 1, 3, -62, -53]
['525049494F5400000000000000000000', 1, 3, -62, -33]
['5969400EBAB3EB26137866017EF806E2', 10715, 12246, -107, -37]
['525049494F5400000000000000000000', 1, 3, -62, -53]
['525049494F5400000000000000000000', 1, 3, -62, -32]
['525049494F5400000000000000000000', 1, 3, -62, -33]
['525049494F5400000000000000000000', 1, 3, -62, -52]
['525049494F5400000000000000000000', 1, 3, -62, -55]
['525049494F5400000000000000000000', 1, 3, -62, -31]
['5969400EBAB3EB26137866017EF806E2', 10715, 12246, -107, -34]
['525049494F5400000000000000000000', 1, 3, -62, -37]
['525049494F5400000000000000000000', 1, 3, -62, -32]
['525049494F5400000000000000000000', 1, 3, -62, -33]
['525049494F5400000000000000000000', 1, 3, -62, -32]
['525049494F5400000000000000000000', 1, 3, -62, -34]
['525049494F5400000000000000000000', 1, 3, -62, -31]
['5969400EBAB3EB26137866017EF806E2', 10715, 12246, -107, -45]
['525049494F5400000000000000000000', 1, 3, -62, -34]
['525049494F5400000000000000000000', 1, 3, -62, -52]
['525049494F5400000000000000000000', 1, 3, -62, -33]
['525049494F5400000000000000000000', 1, 3, -62, -52]
['525049494F5400000000000000000000', 1, 3, -62, -33]
['525049494F5400000000000000000000', 1, 3, -62, -52]
['525049494F5400000000000000000000', 1, 3, -62, -33]
['525049494F5400000000000000000000', 1, 3, -62, -53]
['525049494F5400000000000000000000', 1, 3, -62, -31]
['525049494F5400000000000000000000', 1, 3, -62, -52]
['525049494F5400000000000000000000', 1, 3, -62, -32]
['525049494F5400000000000000000000', 1, 3, -62, -46]
['525049494F5400000000000000000000', 1, 3, -62, -58]
['5969400EBAB3EB26137866017EF806E2', 10715, 12246, -107, -37]
['525049494F5400000000000000000000', 1, 3, -62, -48]
['525049494F5400000000000000000000', 1, 3, -62, -32]
['525049494F5400000000000000000000', 1, 3, -62, -48]
['525049494F5400000000000000000000', 1, 3, -62, -37]
['525049494F5400000000000000000000', 1, 3, -62, -37]
['525049494F5400000000000000000000', 1, 3, -62, -33]
['525049494F5400000000000000000000', 1, 3, -62, -43]
['525049494F5400000000000000000000', 1, 3, -62, -52]
['525049494F5400000000000000000000', 1, 3, -62, -31]
['525049494F5400000000000000000000', 1, 3, -62, -53]
['5969400EBAB3EB26137866017EF806E2', 10715, 12246, -107, -52]
['525049494F5400000000000000000000', 1, 3, -62, -33]
['525049494F5400000000000000000000', 1, 3, -62, -53]
['525049494F5400000000000000000000', 1, 3, -62, -31]
['525049494F5400000000000000000000', 1, 3, -62, -52]
['525049494F5400000000000000000000', 1, 3, -62, -31]
['525049494F5400000000000000000000', 1, 3, -62, -48]
['5969400EBAB3EB26137866017EF806E2', 10715, 12246, -107, -46]
['525049494F5400000000000000000000', 1, 3, -62, -48]
['525049494F5400000000000000000000', 1, 3, -62, -49]
['525049494F5400000000000000000000', 1, 3, -62, -31]
['525049494F5400000000000000000000', 1, 3, -62, -33]
['525049494F5400000000000000000000', 1, 3, -62, -32]
['5969400EBAB3EB26137866017EF806E2', 10715, 12246, -107, -33]
['525049494F5400000000000000000000', 1, 3, -62, -34]
['525049494F5400000000000000000000', 1, 3, -62, -32]
['525049494F5400000000000000000000', 1, 3, -62, -33]
['525049494F5400000000000000000000', 1, 3, -62, -45]
['525049494F5400000000000000000000', 1, 3, -62, -55]
['525049494F5400000000000000000000', 1, 3, -62, -46]
['5969400EBAB3EB26137866017EF806E2', 10715, 12246, -107, -33]
['525049494F5400000000000000000000', 1, 3, -62, -55]
['525049494F5400000000000000000000', 1, 3, -62, -45]
['525049494F5400000000000000000000', 1, 3, -62, -34]
['525049494F5400000000000000000000', 1, 3, -62, -46]
['525049494F5400000000000000000000', 1, 3, -62, -45]
['5969400EBAB3EB26137866017EF806E2', 10715, 12246, -107, -32]
['525049494F5400000000000000000000', 1, 3, -62, -37]
['525049494F5400000000000000000000', 1, 3, -62, -46]
['525049494F5400000000000000000000', 1, 3, -62, -36]
['525049494F5400000000000000000000', 1, 3, -62, -45]
['525049494F5400000000000000000000', 1, 3, -62, -45]
['5969400EBAB3EB26137866017EF806E2', 10715, 12246, -107, -37]
['525049494F5400000000000000000000', 1, 3, -62, -33]
['525049494F5400000000000000000000', 1, 3, -62, -52]
['525049494F5400000000000000000000', 1, 3, -62, -32]
['525049494F5400000000000000000000', 1, 3, -62, -46]
['525049494F5400000000000000000000', 1, 3, -62, -37]
['525049494F5400000000000000000000', 1, 3, -62, -46]
['525049494F5400000000000000000000', 1, 3, -62, -32]
['525049494F5400000000000000000000', 1, 3, -62, -46]
['525049494F5400000000000000000000', 1, 3, -62, -32]
['525049494F5400000000000000000000', 1, 3, -62, -46]
['525049494F5400000000000000000000', 1, 3, -62, -37]
['525049494F5400000000000000000000', 1, 3, -62, -45]
['525049494F5400000000000000000000', 1, 3, -62, -37]
['5969400EBAB3EB26137866017EF806E2', 10715, 12246, -107, -45]
['525049494F5400000000000000000000', 1, 3, -62, -46]
['525049494F5400000000000000000000', 1, 3, -62, -31]
['525049494F5400000000000000000000', 1, 3, -62, -46]
['525049494F5400000000000000000000', 1, 3, -62, -46]
['525049494F5400000000000000000000', 1, 3, -62, -37]
['5969400EBAB3EB26137866017EF806E2', 10715, 12246, -107, -37]
['525049494F5400000000000000000000', 1, 3, -62, -48]
['525049494F5400000000000000000000', 1, 3, -62, -31]
['525049494F5400000000000000000000', 1, 3, -62, -37]
['525049494F5400000000000000000000', 1, 3, -62, -37]
['525049494F5400000000000000000000', 1, 3, -62, -31]
['5969400EBAB3EB26137866017EF806E2', 10715, 12246, -107, -34]
['525049494F5400000000000000000000', 1, 3, -62, -46]
['525049494F5400000000000000000000', 1, 3, -62, -31]
['525049494F5400000000000000000000', 1, 3, -62, -37]
['525049494F5400000000000000000000', 1, 3, -62, -55]
['525049494F5400000000000000000000', 1, 3, -62, -37]
['525049494F5400000000000000000000', 1, 3, -62, -33]
['5969400EBAB3EB26137866017EF806E2', 10715, 12246, -107, -46]
['525049494F5400000000000000000000', 1, 3, -62, -32]
['525049494F5400000000000000000000', 1, 3, -62, -48]
['525049494F5400000000000000000000', 1, 3, -62, -31]
['525049494F5400000000000000000000', 1, 3, -62, -37]
['525049494F5400000000000000000000', 1, 3, -62, -32]
['525049494F5400000000000000000000', 1, 3, -62, -37]
['5969400EBAB3EB26137866017EF806E2', 10715, 12246, -107, -32]
['525049494F5400000000000000000000', 1, 3, -62, -53]
['525049494F5400000000000000000000', 1, 3, -62, -31]
['525049494F5400000000000000000000', 1, 3, -62, -53]
['525049494F5400000000000000000000', 1, 3, -62, -52]
['525049494F5400000000000000000000', 1, 3, -62, -37]
['525049494F5400000000000000000000', 1, 3, -62, -31]
['5969400EBAB3EB26137866017EF806E2', 10715, 12246, -107, -37]
['525049494F5400000000000000000000', 1, 3, -62, -32]
['525049494F5400000000000000000000', 1, 3, -62, -33]
['525049494F5400000000000000000000', 1, 3, -62, -32]
['525049494F5400000000000000000000', 1, 3, -62, -33]
['525049494F5400000000000000000000', 1, 3, -62, -31]
['5969400EBAB3EB26137866017EF806E2', 10715, 12246, -107, -34]
['525049494F5400000000000000000000', 1, 3, -62, -37]
['525049494F5400000000000000000000', 1, 3, -62, -45]
['525049494F5400000000000000000000', 1, 3, -62, -34]
['525049494F5400000000000000000000', 1, 3, -62, -37]
['525049494F5400000000000000000000', 1, 3, -62, -45]
['525049494F5400000000000000000000', 1, 3, -62, -37]
['5969400EBAB3EB26137866017EF806E2', 10715, 12246, -107, -31]
['525049494F5400000000000000000000', 1, 3, -62, -34]
['525049494F5400000000000000000000', 1, 3, -62, -37]
['525049494F5400000000000000000000', 1, 3, -62, -45]
['525049494F5400000000000000000000', 1, 3, -62, -33]
['525049494F5400000000000000000000', 1, 3, -62, -34]
['525049494F5400000000000000000000', 1, 3, -62, -37]
['5969400EBAB3EB26137866017EF806E2', 10715, 12246, -107, -31]
['525049494F5400000000000000000000', 1, 3, -62, -45]
['525049494F5400000000000000000000', 1, 3, -62, -37]
['525049494F5400000000000000000000', 1, 3, -62, -33]
['525049494F5400000000000000000000', 1, 3, -62, -49]
['525049494F5400000000000000000000', 1, 3, -62, -37]
['5969400EBAB3EB26137866017EF806E2', 10715, 12246, -107, -52]
['525049494F5400000000000000000000', 1, 3, -62, -34]
['525049494F5400000000000000000000', 1, 3, -62, -32]
['525049494F5400000000000000000000', 1, 3, -62, -55]
['525049494F5400000000000000000000', 1, 3, -62, -37]
['525049494F5400000000000000000000', 1, 3, -62, -49]
['525049494F5400000000000000000000', 1, 3, -62, -37]
['5969400EBAB3EB26137866017EF806E2', 10715, 12246, -107, -33]
['525049494F5400000000000000000000', 1, 3, -62, -47]
['525049494F5400000000000000000000', 1, 3, -62, -37]
['525049494F5400000000000000000000', 1, 3, -62, -46]
['525049494F5400000000000000000000', 1, 3, -62, -37]
['525049494F5400000000000000000000', 1, 3, -62, -45]
['525049494F5400000000000000000000', 1, 3, -62, -37]
['5969400EBAB3EB26137866017EF806E2', 10715, 12246, -107, -31]
['525049494F5400000000000000000000', 1, 3, -62, -33]
['525049494F5400000000000000000000', 1, 3, -62, -37]
['525049494F5400000000000000000000', 1, 3, -62, -33]
['525049494F5400000000000000000000', 1, 3, -62, -37]
['525049494F5400000000000000000000', 1, 3, -62, -46]
['525049494F5400000000000000000000', 1, 3, -62, -37]
['5969400EBAB3EB26137866017EF806E2', 10715, 12246, -107, -52]
['525049494F5400000000000000000000', 1, 3, -62, -33]
['525049494F5400000000000000000000', 1, 3, -62, -33]
['525049494F5400000000000000000000', 1, 3, -62, -45]
['525049494F5400000000000000000000', 1, 3, -62, -33]
['5969400EBAB3EB26137866017EF806E2', 10715, 12246, -107, -37]
['525049494F5400000000000000000000', 1, 3, -62, -53]
['525049494F5400000000000000000000', 1, 3, -62, -34]
['525049494F5400000000000000000000', 1, 3, -62, -53]
['525049494F5400000000000000000000', 1, 3, -62, -33]
['525049494F5400000000000000000000', 1, 3, -62, -53]
['525049494F5400000000000000000000', 1, 3, -62, -32]
['525049494F5400000000000000000000', 1, 3, -62, -34]
['525049494F5400000000000000000000', 1, 3, -62, -55]
['525049494F5400000000000000000000', 1, 3, -62, -52]
['5969400EBAB3EB26137866017EF806E2', 10715, 12246, -107, -46]
['525049494F5400000000000000000000', 1, 3, -62, -34]
['525049494F5400000000000000000000', 1, 3, -62, -52]
['525049494F5400000000000000000000', 1, 3, -62, -52]
['525049494F5400000000000000000000', 1, 3, -62, -33]
['525049494F5400000000000000000000', 1, 3, -62, -37]
['5969400EBAB3EB26137866017EF806E2', 10715, 12246, -107, -31]
['525049494F5400000000000000000000', 1, 3, -62, -33]
['525049494F5400000000000000000000', 1, 3, -62, -36]
['525049494F5400000000000000000000', 1, 3, -62, -45]
['525049494F5400000000000000000000', 1, 3, -62, -37]
['525049494F5400000000000000000000', 1, 3, -62, -33]
['525049494F5400000000000000000000', 1, 3, -62, -32]
['525049494F5400000000000000000000', 1, 3, -62, -33]
['5969400EBAB3EB26137866017EF806E2', 10715, 12246, -107, -32]
['525049494F5400000000000000000000', 1, 3, -62, -59]
['525049494F5400000000000000000000', 1, 3, -62, -48]
