['525049494F5400000000000000000000', 1, 3, -62, -66]
['525049494F5400000000000000000000', 1, 3, -62, -51]
['5969400EBAB3EB26137866017EF806E2', 10715, 12246, -107, -51]
['525049494F5400000000000000000000', 1, 3, -62, -59]
['525049494F5400000000000000000000', 1, 3, -62, -50]
['525049494F5400000000000000000000', 1, 3, -62, -65]
['525049494F5400000000000000000000', 1, 3, -62, -51]
['525049494F5400000000000000000000', 1, 3, -62, -59]
['525049494F5400000000000000000000', 1, 3, -62, -51]
['5969400EBAB3EB26137866017EF806E2', 10715, 12246, -107, -67]
['525049494F5400000000000000000000', 1, 3, -62, -50]
['525049494F5400000000000000000000', 1, 3, -62, -59]
['525049494F5400000000000000000000', 1, 3, -62, -50]
['525049494F5400000000000000000000', 1, 3, -62, -58]
['525049494F5400000000000000000000', 1, 3, -62, -50]
['5969400EBAB3EB26137866017EF806E2', 10715, 12246, -107, -65]
['525049494F5400000000000000000000', 1, 3, -62, -45]
['525049494F5400000000000000000000', 1, 3, -62, -50]
['525049494F5400000000000000000000', 1, 3, -62, -51]
['525049494F5400000000000000000000', 1, 3, -62, -66]
['525049494F5400000000000000000000', 1, 3, -62, -75]
['5969400EBAB3EB26137866017EF806E2', 10715, 12246, -107, -58]
['525049494F5400000000000000000000', 1, 3, -62, -67]
['525049494F5400000000000000000000', 1, 3, -62, -45]
['525049494F5400000000000000000000', 1, 3, -62, -50]
['525049494F5400000000000000000000', 1, 3, -62, -51]
['525049494F5400000000000000000000', 1, 3, -62, -65]
['525049494F5400000000000000000000', 1, 3, -62, -59]
['5969400EBAB3EB26137866017EF806E2', 10715, 12246, -107, -45]
['525049494F5400000000000000000000', 1, 3, -62, -51]
['525049494F5400000000000000000000', 1, 3, -62, -66]
['525049494F5400000000000000000000', 1, 3, -62, -50]
['525049494F5400000000000000000000', 1, 3, -62, -59]
['525049494F5400000000000000000000', 1, 3, -62, -50]
['525049494F5400000000000000000000', 1, 3, -62, -59]
['5969400EBAB3EB26137866017EF806E2', 10715, 12246, -107, -73]
['525049494F5400000000000000000000', 1, 3, -62, -50]
['525049494F5400000000000000000000', 1, 3, -62, -58]
['525049494F5400000000000000000000', 1, 3, -62, -58]
['525049494F5400000000000000000000', 1, 3, -62, -50]
['525049494F5400000000000000000000', 1, 3, -62, -59]
['525049494F5400000000000000000000', 1, 3, -62, -51]
['5969400EBAB3EB26137866017EF806E2', 10715, 12246, -107, -66]
['525049494F5400000000000000000000', 1, 3, -62, -58]
['525049494F5400000000000000000000', 1, 3, -62, -59]
['525049494F5400000000000000000000', 1, 3, -62, -51]
['525049494F5400000000000000000000', 1, 3, -62, -51]
['525049494F5400000000000000000000', 1, 3, -62, -59]
['5969400EBAB3EB26137866017EF806E2', 10715, 12246, -107, -58]
['525049494F5400000000000000000000', 1, 3, -62, -51]
['525049494F5400000000000000000000', 1, 3, -62, -66]
['525049494F5400000000000000000000', 1, 3, -62, -51]
['525049494F5400000000000000000000', 1, 3, -62, -66]
['525049494F5400000000000000000000', 1, 3, -62, -51]
['525049494F5400000000000000000000', 1, 3, -62, -59]
['5969400EBAB3EB26137866017EF806E2', 10715, 12246, -107, -67]
['525049494F5400000000000000000000', 1, 3, -62, -51]
['525049494F5400000000000000000000', 1, 3, -62, -66]
['525049494F5400000000000000000000', 1, 3, -62, -51]
['010001920C6C5F77440B02010607FF4C', 16, 523, 0, -95]
['525049494F5400000000000000000000', 1, 3, -62, -58]
['525049494F5400000000000000000000', 1, 3, -62, -51]
['525049494F5400000000000000000000', 1, 3, -62, -59]
['525049494F5400000000000000000000', 1, 3, -62, -51]
['5969400EBAB3EB26137866017EF806E2', 10715, 12246, -107, -61]
['525049494F5400000000000000000000', 1, 3, -62, -67]
['525049494F5400000000000000000000', 1, 3, -62, -45]
['525049494F5400000000000000000000', 1, 3, -62, -67]
['525049494F5400000000000000000000', 1, 3, -62, -45]
['525049494F5400000000000000000000', 1, 3, -62, -67]
['525049494F5400000000000000000000', 1, 3, -62, -45]
['5969400EBAB3EB26137866017EF806E2', 10715, 12246, -107, -66]
['525049494F5400000000000000000000', 1, 3, -62, -67]
['525049494F5400000000000000000000', 1, 3, -62, -51]
['525049494F5400000000000000000000', 1, 3, -62, -58]
['525049494F5400000000000000000000', 1, 3, -62, -73]
['525049494F5400000000000000000000', 1, 3, -62, -59]
['525049494F5400000000000000000000', 1, 3, -62, -51]
['5969400EBAB3EB26137866017EF806E2', 10715, 12246, -107, -66]
['525049494F5400000000000000000000', 1, 3, -62, -50]
['525049494F5400000000000000000000', 1, 3, -62, -51]
['525049494F5400000000000000000000', 1, 3, -62, -50]
['525049494F5400000000000000000000', 1, 3, -62, -51]
['525049494F5400000000000000000000', 1, 3, -62, -50]
['525049494F5400000000000000000000', 1, 3, -62, -59]
['5969400EBAB3EB26137866017EF806E2', 10715, 12246, -107, -50]
['525049494F5400000000000000000000', 1, 3, -62, -50]
['525049494F5400000000000000000000', 1, 3, -62, -59]
['525049494F5400000000000000000000', 1, 3, -62, -50]
['525049494F5400000000000000000000', 1, 3, -62, -58]
['525049494F5400000000000000000000', 1, 3, -62, -50]
['525049494F5400000000000000000000', 1, 3, -62, -73]
['5969400EBAB3EB26137866017EF806E2', 10715, 12246, -107, -51]
['525049494F5400000000000000000000', 1, 3, -62, -66]
['525049494F5400000000000000000000', 1, 3, -62, -45]
['525049494F5400000000000000000000', 1, 3, -62, -65]
['525049494F5400000000000000000000', 1, 3, -62, -45]
['525049494F5400000000000000000000', 1, 3, -62, -45]
['5969400EBAB3EB26137866017EF806E2', 10715, 12246, -107, -51]
['525049494F5400000000000000000000', 1, 3, -62, -67]
['525049494F5400000000000000000000', 1, 3, -62, -67]
['525049494F5400000000000000000000', 1, 3, -62, -51]
['5969400EBAB3EB26137866017EF806E2', 10715, 12246, -107, -58]
['525049494F5400000000000000000000', 1, 3, -62, -51]
['525049494F5400000000000000000000', 1, 3, -62, -67]
['525049494F5400000000000000000000', 1, 3, -62, -51]
['525049494F5400000000000000000000', 1, 3, -62, -52]
['525049494F5400000000000000000000', 1, 3, -62, -45]
['525049494F5400000000000000000000', 1, 3, -62, -50]
['525049494F5400000000000000000000', 1, 3, -62, -45]
['525049494F5400000000000000000000', 1, 3, -62, -51]
['525049494F5400000000000000000000', 1, 3, -62, -66]
['525049494F5400000000000000000000', 1, 3, -62, -50]
['5969400EBAB3EB26137866017EF806E2', 10715, 12246, -107, -51]
['525049494F5400000000000000000000', 1, 3, -62, -58]
['525049494F5400000000000000000000', 1, 3, -62, -51]
['525049494F5400000000000000000000', 1, 3, -62, -59]
['525049494F5400000000000000000000', 1, 3, -62, -51]
['010001920C6C5F77440B02010607FF4C', 16, 523, 0, -98]
['525049494F5400000000000000000000', 1, 3, -62, -59]
['525049494F5400000000000000000000', 1, 3, -62, -51]
['525049494F5400000000000000000000', 1, 3, -62, -58]
['525049494F5400000000000000000000', 1, 3, -62, -72]
['525049494F5400000000000000000000', 1, 3, -62, -59]
['525049494F5400000000000000000000', 1, 3, -62, -50]
['010001920C6C5F77440B02010607FF4C', 16, 523, 0, -94]
['525049494F5400000000000000000000', 1, 3, -62, -50]
['525049494F5400000000000000000000', 1, 3, -62, -66]
['5969400EBAB3EB26137866017EF806E2', 10715, 12246, -107, -66]
['525049494F5400000000000000000000', 1, 3, -62, -45]
['525049494F5400000000000000000000', 1, 3, -62, -50]
['525049494F5400000000000000000000', 1, 3, -62, -58]
['525049494F5400000000000000000000', 1, 3, -62, -50]
['525049494F5400000000000000000000', 1, 3, -62, -51]
['525049494F5400000000000000000000', 1, 3, -62, -50]
['5969400EBAB3EB26137866017EF806E2', 10715, 12246, -107, -45]
['525049494F5400000000000000000000', 1, 3, -62, -50]
['525049494F5400000000000000000000', 1, 3, -62, -59]
['525049494F5400000000000000000000', 1, 3, -62, -51]
['525049494F5400000000000000000000', 1, 3, -62, -59]
['525049494F5400000000000000000000', 1, 3, -62, -51]
['5969400EBAB3EB26137866017EF806E2', 10715, 12246, -107, -50]
['525049494F5400000000000000000000', 1, 3, -62, -59]
['525049494F5400000000000000000000', 1, 3, -62, -59]
['525049494F5400000000000000000000', 1, 3, -62, -50]
['525049494F5400000000000000000000', 1, 3, -62, -59]
['525049494F5400000000000000000000', 1, 3, -62, -50]
['5969400EBAB3EB26137866017EF806E2', 10715, 12246, -107, -64]
['525049494F5400000000000000000000', 1, 3, -62, -59]
['525049494F5400000000000000000000', 1, 3, -62, -66]
['525049494F5400000000000000000000', 1, 3, -62, -50]
['525049494F5400000000000000000000', 1, 3, -62, -58]
['525049494F5400000000000000000000', 1, 3, -62, -49]
['525049494F5400000000000000000000', 1, 3, -62, -45]
['5969400EBAB3EB26137866017EF806E2', 10715, 12246, -107, -45]
['525049494F5400000000000000000000', 1, 3, -62, -50]
['1A13FF4C000C0E004CA8BF60F4695B28', 62096, 21934, -59, -98]
['525049494F5400000000000000000000', 1, 3, -62, -64]
['525049494F5400000000000000000000', 1, 3, -62, -45]
['525049494F5400000000000000000000', 1, 3, -62, -66]
['525049494F5400000000000000000000', 1, 3, -62, -45]
['525049494F5400000000000000000000', 1, 3, -62, -51]
['5969400EBAB3EB26137866017EF806E2', 10715, 12246, -107, -60]
['525049494F5400000000000000000000', 1, 3, -62, -65]
['525049494F5400000000000000000000', 1, 3, -62, -45]
['525049494F5400000000000000000000', 1, 3, -62, -66]
['525049494F5400000000000000000000', 1, 3, -62, -51]
['525049494F5400000000000000000000', 1, 3, -62, -66]
['5969400EBAB3EB26137866017EF806E2', 10715, 12246, -107, -67]
['525049494F5400000000000000000000', 1, 3, -62, -66]
['525049494F5400000000000000000000', 1, 3, -62, -51]
['525049494F5400000000000000000000', 1, 3, -62, -66]
['525049494F5400000000000000000000', 1, 3, -62, -45]
['525049494F5400000000000000000000', 1, 3, -62, -78]
['5969400EBAB3EB26137866017EF806E2', 10715, 12246, -107, -78]
['525049494F5400000000000000000000', 1, 3, -62, -51]
['525049494F5400000000000000000000', 1, 3, -62, -59]
['525049494F5400000000000000000000', 1, 3, -62, -51]
['525049494F5400000000000000000000', 1, 3, -62, -50]
['010001920C6C5F77440B02010607FF4C', 16, 523, 0, -94]
['5969400EBAB3EB26137866017EF806E2', 10715, 12246, -107, -45]
['525049494F5400000000000000000000', 1, 3, -62, -45]
['525049494F5400000000000000000000', 1, 3, -62, -50]
['525049494F5400000000000000000000', 1, 3, -62, -58]
['525049494F5400000000000000000000', 1, 3, -62, -50]
['525049494F5400000000000000000000', 1, 3, -62, -45]
['525049494F5400000000000000000000', 1, 3, -62, -50]
['5969400EBAB3EB26137866017EF806E2', 10715, 12246, -107, -50]
['525049494F5400000000000000000000', 1, 3, -62, -58]
['525049494F5400000000000000000000', 1, 3, -62, -50]
['525049494F5400000000000000000000', 1, 3, -62, -51]
['525049494F5400000000000000000000', 1, 3, -62, -45]
['525049494F5400000000000000000000', 1, 3, -62, -64]
['525049494F5400000000000000000000', 1, 3, -62, -64]
['5969400EBAB3EB26137866017EF806E2', 10715, 12246, -107, -67]
['010001920C6C5F77440B02010607FF4C', 16, 523, 0, -105]
['525049494F5400000000000000000000', 1, 3, -62, -45]
['525049494F5400000000000000000000', 1, 3, -62, -66]
['525049494F5400000000000000000000', 1, 3, -62, -45]
['525049494F5400000000000000000000', 1, 3, -62, -64]
['010001920C6C5F77440B02010607FF4C', 16, 523, 0, -93]
['525049494F5400000000000000000000', 1, 3, -62, -50]
['525049494F5400000000000000000000', 1, 3, -62, -45]
['5969400EBAB3EB26137866017EF806E2', 10715, 12246, -107, -66]
['525049494F5400000000000000000000', 1, 3, -62, -65]
['525049494F5400000000000000000000', 1, 3, -62, -51]
['525049494F5400000000000000000000', 1, 3, -62, -66]
['525049494F5400000000000000000000', 1, 3, -62, -67]
['525049494F5400000000000000000000', 1, 3, -62, -51]
['5969400EBAB3EB26137866017EF806E2', 10715, 12246, -107, -45]
['525049494F5400000000000000000000', 1, 3, -62, -67]
['525049494F5400000000000000000000', 1, 3, -62, -51]
['525049494F5400000000000000000000', 1, 3, -62, -65]
['525049494F5400000000000000000000', 1, 3, -62, -51]
['525049494F5400000000000000000000', 1, 3, -62, -51]
['5969400EBAB3EB26137866017EF806E2', 10715, 12246, -107, -50]
['525049494F5400000000000000000000', 1, 3, -62, -66]
['525049494F5400000000000000000000', 1, 3, -62, -51]
['525049494F5400000000000000000000', 1, 3, -62, -59]
['525049494F5400000000000000000000', 1, 3, -62, -60]
['525049494F5400000000000000000000', 1, 3, -62, -61]
['5969400EBAB3EB26137866017EF806E2', 10715, 12246, -107, -72]
['525049494F5400000000000000000000', 1, 3, -62, -61]
['525049494F5400000000000000000000', 1, 3, -62, -66]
['525049494F5400000000000000000000', 1, 3, -62, -45]
['525049494F5400000000000000000000', 1, 3, -62, -65]
['525049494F5400000000000000000000', 1, 3, -62, -64]
['525049494F5400000000000000000000', 1, 3, -62, -45]
['5969400EBAB3EB26137866017EF806E2', 10715, 12246, -107, -51]
['525049494F5400000000000000000000', 1, 3, -62, -65]
['525049494F5400000000000000000000', 1, 3, -62, -51]

