['525049494F5400000000000000000000', 1, 3, -62, -47]
['525049494F5400000000000000000000', 1, 3, -62, -59]
['5969400EBAB3EB26137866017EF806E2', 10715, 12246, -107, -59]
['525049494F5400000000000000000000', 1, 3, -62, -47]
['525049494F5400000000000000000000', 1, 3, -62, -60]
['525049494F5400000000000000000000', 1, 3, -62, -43]
['525049494F5400000000000000000000', 1, 3, -62, -60]
['525049494F5400000000000000000000', 1, 3, -62, -68]
['525049494F5400000000000000000000', 1, 3, -62, -60]
['525049494F5400000000000000000000', 1, 3, -62, -46]
['5969400EBAB3EB26137866017EF806E2', 10715, 12246, -107, -43]
['525049494F5400000000000000000000', 1, 3, -62, -60]
['525049494F5400000000000000000000', 1, 3, -62, -43]
['525049494F5400000000000000000000', 1, 3, -62, -60]
['525049494F5400000000000000000000', 1, 3, -62, -60]
['525049494F5400000000000000000000', 1, 3, -62, -46]
['525049494F5400000000000000000000', 1, 3, -62, -59]
['525049494F5400000000000000000000', 1, 3, -62, -47]
['525049494F5400000000000000000000', 1, 3, -62, -61]
['525049494F5400000000000000000000', 1, 3, -62, -61]
['525049494F5400000000000000000000', 1, 3, -62, -46]
['525049494F5400000000000000000000', 1, 3, -62, -60]
['525049494F5400000000000000000000', 1, 3, -62, -47]
['525049494F5400000000000000000000', 1, 3, -62, -60]
['525049494F5400000000000000000000', 1, 3, -62, -66]
['525049494F5400000000000000000000', 1, 3, -62, -60]
['525049494F5400000000000000000000', 1, 3, -62, -44]
['5969400EBAB3EB26137866017EF806E2', 10715, 12246, -107, -43]
['525049494F5400000000000000000000', 1, 3, -62, -60]
['525049494F5400000000000000000000', 1, 3, -62, -43]
['525049494F5400000000000000000000', 1, 3, -62, -59]
['525049494F5400000000000000000000', 1, 3, -62, -43]
['525049494F5400000000000000000000', 1, 3, -62, -60]
['525049494F5400000000000000000000', 1, 3, -62, -47]
['5969400EBAB3EB26137866017EF806E2', 10715, 12246, -107, -58]
['525049494F5400000000000000000000', 1, 3, -62, -59]
['525049494F5400000000000000000000', 1, 3, -62, -43]
['525049494F5400000000000000000000', 1, 3, -62, -46]
['525049494F5400000000000000000000', 1, 3, -62, -43]
['525049494F5400000000000000000000', 1, 3, -62, -46]
['525049494F5400000000000000000000', 1, 3, -62, -44]
['5969400EBAB3EB26137866017EF806E2', 10715, 12246, -107, -61]
['525049494F5400000000000000000000', 1, 3, -62, -66]
['525049494F5400000000000000000000', 1, 3, -62, -60]
['525049494F5400000000000000000000', 1, 3, -62, -66]
['525049494F5400000000000000000000', 1, 3, -62, -61]
['525049494F5400000000000000000000', 1, 3, -62, -60]
['5969400EBAB3EB26137866017EF806E2', 10715, 12246, -107, -46]
['525049494F5400000000000000000000', 1, 3, -62, -46]
['525049494F5400000000000000000000', 1, 3, -62, -59]
['525049494F5400000000000000000000', 1, 3, -62, -46]
['525049494F5400000000000000000000', 1, 3, -62, -61]
['525049494F5400000000000000000000', 1, 3, -62, -43]
['525049494F5400000000000000000000', 1, 3, -62, -60]
['5969400EBAB3EB26137866017EF806E2', 10715, 12246, -107, -60]
['525049494F5400000000000000000000', 1, 3, -62, -59]
['525049494F5400000000000000000000', 1, 3, -62, -46]
['525049494F5400000000000000000000', 1, 3, -62, -46]
['525049494F5400000000000000000000', 1, 3, -62, -60]
['525049494F5400000000000000000000', 1, 3, -62, -43]
['525049494F5400000000000000000000', 1, 3, -62, -60]
['5969400EBAB3EB26137866017EF806E2', 10715, 12246, -107, -43]
['525049494F5400000000000000000000', 1, 3, -62, -43]
['525049494F5400000000000000000000', 1, 3, -62, -61]
['525049494F5400000000000000000000', 1, 3, -62, -46]
['525049494F5400000000000000000000', 1, 3, -62, -43]
['525049494F5400000000000000000000', 1, 3, -62, -46]
['525049494F5400000000000000000000', 1, 3, -62, -60]
['5969400EBAB3EB26137866017EF806E2', 10715, 12246, -107, -43]
['525049494F5400000000000000000000', 1, 3, -62, -60]
['525049494F5400000000000000000000', 1, 3, -62, -61]
['525049494F5400000000000000000000', 1, 3, -62, -60]
['525049494F5400000000000000000000', 1, 3, -62, -46]
['525049494F5400000000000000000000', 1, 3, -62, -61]
['525049494F5400000000000000000000', 1, 3, -62, -43]
['5969400EBAB3EB26137866017EF806E2', 10715, 12246, -107, -46]
['525049494F5400000000000000000000', 1, 3, -62, -43]
['525049494F5400000000000000000000', 1, 3, -62, -46]
['525049494F5400000000000000000000', 1, 3, -62, -61]
['525049494F5400000000000000000000', 1, 3, -62, -62]
['5969400EBAB3EB26137866017EF806E2', 10715, 12246, -107, -61]
['525049494F5400000000000000000000', 1, 3, -62, -43]
['525049494F5400000000000000000000', 1, 3, -62, -60]
['525049494F5400000000000000000000', 1, 3, -62, -72]
['525049494F5400000000000000000000', 1, 3, -62, -51]
['525049494F5400000000000000000000', 1, 3, -62, -43]
['525049494F5400000000000000000000', 1, 3, -62, -46]
['5969400EBAB3EB26137866017EF806E2', 10715, 12246, -107, -46]
['525049494F5400000000000000000000', 1, 3, -62, -43]
['525049494F5400000000000000000000', 1, 3, -62, -43]
['525049494F5400000000000000000000', 1, 3, -62, -46]
['525049494F5400000000000000000000', 1, 3, -62, -62]
['525049494F5400000000000000000000', 1, 3, -62, -46]
['525049494F5400000000000000000000', 1, 3, -62, -62]
['5969400EBAB3EB26137866017EF806E2', 10715, 12246, -107, -43]
['525049494F5400000000000000000000', 1, 3, -62, -67]
['525049494F5400000000000000000000', 1, 3, -62, -59]
['525049494F5400000000000000000000', 1, 3, -62, -46]
['525049494F5400000000000000000000', 1, 3, -62, -59]
['525049494F5400000000000000000000', 1, 3, -62, -46]
['525049494F5400000000000000000000', 1, 3, -62, -60]
['5969400EBAB3EB26137866017EF806E2', 10715, 12246, -107, -47]
['525049494F5400000000000000000000', 1, 3, -62, -46]
['525049494F5400000000000000000000', 1, 3, -62, -46]
['525049494F5400000000000000000000', 1, 3, -62, -45]
['525049494F5400000000000000000000', 1, 3, -62, -47]
['525049494F5400000000000000000000', 1, 3, -62, -46]
['5969400EBAB3EB26137866017EF806E2', 10715, 12246, -107, -46]
['525049494F5400000000000000000000', 1, 3, -62, -47]
['525049494F5400000000000000000000', 1, 3, -62, -47]
['525049494F5400000000000000000000', 1, 3, -62, -59]
['525049494F5400000000000000000000', 1, 3, -62, -46]
['525049494F5400000000000000000000', 1, 3, -62, -43]
['525049494F5400000000000000000000', 1, 3, -62, -60]
['525049494F5400000000000000000000', 1, 3, -62, -46]
['525049494F5400000000000000000000', 1, 3, -62, -43]
['525049494F5400000000000000000000', 1, 3, -62, -46]
['525049494F5400000000000000000000', 1, 3, -62, -60]
['5969400EBAB3EB26137866017EF806E2', 10715, 12246, -107, -43]
['525049494F5400000000000000000000', 1, 3, -62, -59]
['525049494F5400000000000000000000', 1, 3, -62, -46]
['525049494F5400000000000000000000', 1, 3, -62, -47]
['525049494F5400000000000000000000', 1, 3, -62, -58]
['525049494F5400000000000000000000', 1, 3, -62, -46]
['5969400EBAB3EB26137866017EF806E2', 10715, 12246, -107, -60]
['525049494F5400000000000000000000', 1, 3, -62, -43]
['525049494F5400000000000000000000', 1, 3, -62, -47]
['525049494F5400000000000000000000', 1, 3, -62, -48]
['525049494F5400000000000000000000', 1, 3, -62, -46]
['525049494F5400000000000000000000', 1, 3, -62, -62]
['5969400EBAB3EB26137866017EF806E2', 10715, 12246, -107, -60]
['525049494F5400000000000000000000', 1, 3, -62, -60]
['525049494F5400000000000000000000', 1, 3, -62, -46]
['525049494F5400000000000000000000', 1, 3, -62, -61]
['5969400EBAB3EB26137866017EF806E2', 10715, 12246, -107, -59]
['525049494F5400000000000000000000', 1, 3, -62, -44]
['525049494F5400000000000000000000', 1, 3, -62, -60]
['525049494F5400000000000000000000', 1, 3, -62, -43]
['525049494F5400000000000000000000', 1, 3, -62, -60]
['525049494F5400000000000000000000', 1, 3, -62, -46]
['525049494F5400000000000000000000', 1, 3, -62, -43]
['5969400EBAB3EB26137866017EF806E2', 10715, 12246, -107, -67]
['525049494F5400000000000000000000', 1, 3, -62, -46]
['525049494F5400000000000000000000', 1, 3, -62, -43]
['525049494F5400000000000000000000', 1, 3, -62, -46]
['525049494F5400000000000000000000', 1, 3, -62, -60]
['525049494F5400000000000000000000', 1, 3, -62, -43]
['525049494F5400000000000000000000', 1, 3, -62, -60]
['525049494F5400000000000000000000', 1, 3, -62, -47]
['5969400EBAB3EB26137866017EF806E2', 10715, 12246, -107, -61]
['525049494F5400000000000000000000', 1, 3, -62, -59]
['525049494F5400000000000000000000', 1, 3, -62, -43]
['525049494F5400000000000000000000', 1, 3, -62, -46]
['525049494F5400000000000000000000', 1, 3, -62, -44]
['525049494F5400000000000000000000', 1, 3, -62, -47]
['5969400EBAB3EB26137866017EF806E2', 10715, 12246, -107, -61]
['525049494F5400000000000000000000', 1, 3, -62, -60]
['525049494F5400000000000000000000', 1, 3, -62, -44]
['525049494F5400000000000000000000', 1, 3, -62, -60]
['525049494F5400000000000000000000', 1, 3, -62, -43]
['525049494F5400000000000000000000', 1, 3, -62, -60]
['525049494F5400000000000000000000', 1, 3, -62, -43]
['5969400EBAB3EB26137866017EF806E2', 10715, 12246, -107, -43]
['525049494F5400000000000000000000', 1, 3, -62, -60]
['525049494F5400000000000000000000', 1, 3, -62, -43]
['525049494F5400000000000000000000', 1, 3, -62, -47]
['525049494F5400000000000000000000', 1, 3, -62, -43]
['525049494F5400000000000000000000', 1, 3, -62, -60]
['525049494F5400000000000000000000', 1, 3, -62, -43]
['5969400EBAB3EB26137866017EF806E2', 10715, 12246, -107, -46]
['525049494F5400000000000000000000', 1, 3, -62, -59]
['525049494F5400000000000000000000', 1, 3, -62, -46]
['525049494F5400000000000000000000', 1, 3, -62, -60]
['525049494F5400000000000000000000', 1, 3, -62, -60]
['525049494F5400000000000000000000', 1, 3, -62, -43]
['5969400EBAB3EB26137866017EF806E2', 10715, 12246, -107, -46]
['525049494F5400000000000000000000', 1, 3, -62, -44]
['525049494F5400000000000000000000', 1, 3, -62, -46]
['525049494F5400000000000000000000', 1, 3, -62, -43]
['525049494F5400000000000000000000', 1, 3, -62, -46]
['525049494F5400000000000000000000', 1, 3, -62, -44]
['525049494F5400000000000000000000', 1, 3, -62, -46]
['5969400EBAB3EB26137866017EF806E2', 10715, 12246, -107, -59]
['525049494F5400000000000000000000', 1, 3, -62, -46]
['525049494F5400000000000000000000', 1, 3, -62, -60]
['525049494F5400000000000000000000', 1, 3, -62, -46]
['525049494F5400000000000000000000', 1, 3, -62, -59]
['525049494F5400000000000000000000', 1, 3, -62, -47]
['5969400EBAB3EB26137866017EF806E2', 10715, 12246, -107, -46]
['525049494F5400000000000000000000', 1, 3, -62, -46]
['525049494F5400000000000000000000', 1, 3, -62, -43]
['525049494F5400000000000000000000', 1, 3, -62, -60]
['525049494F5400000000000000000000', 1, 3, -62, -43]
['525049494F5400000000000000000000', 1, 3, -62, -61]
['5969400EBAB3EB26137866017EF806E2', 10715, 12246, -107, -46]
['525049494F5400000000000000000000', 1, 3, -62, -60]
['525049494F5400000000000000000000', 1, 3, -62, -44]
['525049494F5400000000000000000000', 1, 3, -62, -46]
['525049494F5400000000000000000000', 1, 3, -62, -43]
['525049494F5400000000000000000000', 1, 3, -62, -60]
['525049494F5400000000000000000000', 1, 3, -62, -46]
['5969400EBAB3EB26137866017EF806E2', 10715, 12246, -107, -60]
