['525049494F5400000000000000000000', 1, 3, -62, -56]
['525049494F5400000000000000000000', 1, 3, -62, -69]
['525049494F5400000000000000000000', 1, 3, -62, -51]
['525049494F5400000000000000000000', 1, 3, -62, -68]
['525049494F5400000000000000000000', 1, 3, -62, -51]
['525049494F5400000000000000000000', 1, 3, -62, -55]
['525049494F5400000000000000000000', 1, 3, -62, -52]
['525049494F5400000000000000000000', 1, 3, -62, -55]
['525049494F5400000000000000000000', 1, 3, -62, -52]
['5969400EBAB3EB26137866017EF806E2', 10715, 12246, -107, -51]
['525049494F5400000000000000000000', 1, 3, -62, -52]
['525049494F5400000000000000000000', 1, 3, -62, -55]
['525049494F5400000000000000000000', 1, 3, -62, -52]
['525049494F5400000000000000000000', 1, 3, -62, -52]
['5969400EBAB3EB26137866017EF806E2', 10715, 12246, -107, -67]
['525049494F5400000000000000000000', 1, 3, -62, -52]
['525049494F5400000000000000000000', 1, 3, -62, -67]
['525049494F5400000000000000000000', 1, 3, -62, -55]
['525049494F5400000000000000000000', 1, 3, -62, -68]
['525049494F5400000000000000000000', 1, 3, -62, -67]
['525049494F5400000000000000000000', 1, 3, -62, -52]
['525049494F5400000000000000000000', 1, 3, -62, -51]
['525049494F5400000000000000000000', 1, 3, -62, -52]
['525049494F5400000000000000000000', 1, 3, -62, -50]
['525049494F5400000000000000000000', 1, 3, -62, -70]
['525049494F5400000000000000000000', 1, 3, -62, -51]
['5969400EBAB3EB26137866017EF806E2', 10715, 12246, -107, -70]
['525049494F5400000000000000000000', 1, 3, -62, -66]
['525049494F5400000000000000000000', 1, 3, -62, -56]
['525049494F5400000000000000000000', 1, 3, -62, -66]
['525049494F5400000000000000000000', 1, 3, -62, -66]
['525049494F5400000000000000000000', 1, 3, -62, -50]
['5969400EBAB3EB26137866017EF806E2', 10715, 12246, -107, -51]
['525049494F5400000000000000000000', 1, 3, -62, -68]
['525049494F5400000000000000000000', 1, 3, -62, -56]
['525049494F5400000000000000000000', 1, 3, -62, -66]
['525049494F5400000000000000000000', 1, 3, -62, -66]
['525049494F5400000000000000000000', 1, 3, -62, -55]
['5969400EBAB3EB26137866017EF806E2', 10715, 12246, -107, -55]
['525049494F5400000000000000000000', 1, 3, -62, -73]
['525049494F5400000000000000000000', 1, 3, -62, -55]
['525049494F5400000000000000000000', 1, 3, -62, -66]
['525049494F5400000000000000000000', 1, 3, -62, -65]
['5969400EBAB3EB26137866017EF806E2', 10715, 12246, -107, -55]
['525049494F5400000000000000000000', 1, 3, -62, -52]
['525049494F5400000000000000000000', 1, 3, -62, -51]
['525049494F5400000000000000000000', 1, 3, -62, -66]
['525049494F5400000000000000000000', 1, 3, -62, -55]
['525049494F5400000000000000000000', 1, 3, -62, -66]
['525049494F5400000000000000000000', 1, 3, -62, -55]
['5969400EBAB3EB26137866017EF806E2', 10715, 12246, -107, -66]
['525049494F5400000000000000000000', 1, 3, -62, -67]
['525049494F5400000000000000000000', 1, 3, -62, -61]
['525049494F5400000000000000000000', 1, 3, -62, -66]
['525049494F5400000000000000000000', 1, 3, -62, -69]
['525049494F5400000000000000000000', 1, 3, -62, -62]
['525049494F5400000000000000000000', 1, 3, -62, -70]
['5969400EBAB3EB26137866017EF806E2', 10715, 12246, -107, -52]
['525049494F5400000000000000000000', 1, 3, -62, -68]
['525049494F5400000000000000000000', 1, 3, -62, -70]
['525049494F5400000000000000000000', 1, 3, -62, -51]
['525049494F5400000000000000000000', 1, 3, -62, -69]
['5969400EBAB3EB26137866017EF806E2', 10715, 12246, -107, -68]
['525049494F5400000000000000000000', 1, 3, -62, -52]
['525049494F5400000000000000000000', 1, 3, -62, -67]
['525049494F5400000000000000000000', 1, 3, -62, -52]
['525049494F5400000000000000000000', 1, 3, -62, -67]
['525049494F5400000000000000000000', 1, 3, -62, -52]
['5969400EBAB3EB26137866017EF806E2', 10715, 12246, -107, -51]
['525049494F5400000000000000000000', 1, 3, -62, -52]
['525049494F5400000000000000000000', 1, 3, -62, -67]
['525049494F5400000000000000000000', 1, 3, -62, -55]
['525049494F5400000000000000000000', 1, 3, -62, -66]
['525049494F5400000000000000000000', 1, 3, -62, -55]
['525049494F5400000000000000000000', 1, 3, -62, -56]
['5969400EBAB3EB26137866017EF806E2', 10715, 12246, -107, -51]
['525049494F5400000000000000000000', 1, 3, -62, -52]
['525049494F5400000000000000000000', 1, 3, -62, -69]
['525049494F5400000000000000000000', 1, 3, -62, -52]
['525049494F5400000000000000000000', 1, 3, -62, -69]
['525049494F5400000000000000000000', 1, 3, -62, -51]
['525049494F5400000000000000000000', 1, 3, -62, -55]
['5969400EBAB3EB26137866017EF806E2', 10715, 12246, -107, -50]
['525049494F5400000000000000000000', 1, 3, -62, -52]
['525049494F5400000000000000000000', 1, 3, -62, -55]
['525049494F5400000000000000000000', 1, 3, -62, -52]
['525049494F5400000000000000000000', 1, 3, -62, -68]
['525049494F5400000000000000000000', 1, 3, -62, -51]
['5969400EBAB3EB26137866017EF806E2', 10715, 12246, -107, -52]
['525049494F5400000000000000000000', 1, 3, -62, -65]
['525049494F5400000000000000000000', 1, 3, -62, -51]
['525049494F5400000000000000000000', 1, 3, -62, -68]
['525049494F5400000000000000000000', 1, 3, -62, -51]
['525049494F5400000000000000000000', 1, 3, -62, -67]
['5969400EBAB3EB26137866017EF806E2', 10715, 12246, -107, -65]
['525049494F5400000000000000000000', 1, 3, -62, -51]
['525049494F5400000000000000000000', 1, 3, -62, -67]
['525049494F5400000000000000000000', 1, 3, -62, -65]
['525049494F5400000000000000000000', 1, 3, -62, -56]
['525049494F5400000000000000000000', 1, 3, -62, -67]
['5969400EBAB3EB26137866017EF806E2', 10715, 12246, -107, -55]
['525049494F5400000000000000000000', 1, 3, -62, -56]
['525049494F5400000000000000000000', 1, 3, -62, -51]
['525049494F5400000000000000000000', 1, 3, -62, -52]
['525049494F5400000000000000000000', 1, 3, -62, -65]
['5969400EBAB3EB26137866017EF806E2', 10715, 12246, -107, -51]
['525049494F5400000000000000000000', 1, 3, -62, -52]
['525049494F5400000000000000000000', 1, 3, -62, -67]
['525049494F5400000000000000000000', 1, 3, -62, -55]
['525049494F5400000000000000000000', 1, 3, -62, -67]
['525049494F5400000000000000000000', 1, 3, -62, -52]
['5969400EBAB3EB26137866017EF806E2', 10715, 12246, -107, -50]
['525049494F5400000000000000000000', 1, 3, -62, -68]
['525049494F5400000000000000000000', 1, 3, -62, -55]
['525049494F5400000000000000000000', 1, 3, -62, -52]
['525049494F5400000000000000000000', 1, 3, -62, -55]
['525049494F5400000000000000000000', 1, 3, -62, -52]
['525049494F5400000000000000000000', 1, 3, -62, -52]
['5969400EBAB3EB26137866017EF806E2', 10715, 12246, -107, -52]
['525049494F5400000000000000000000', 1, 3, -62, -55]
['525049494F5400000000000000000000', 1, 3, -62, -50]
['525049494F5400000000000000000000', 1, 3, -62, -55]
['525049494F5400000000000000000000', 1, 3, -62, -65]
['525049494F5400000000000000000000', 1, 3, -62, -55]
['525049494F5400000000000000000000', 1, 3, -62, -51]
['525049494F5400000000000000000000', 1, 3, -62, -55]
['525049494F5400000000000000000000', 1, 3, -62, -51]
['525049494F5400000000000000000000', 1, 3, -62, -55]
['525049494F5400000000000000000000', 1, 3, -62, -67]
['525049494F5400000000000000000000', 1, 3, -62, -51]
['5969400EBAB3EB26137866017EF806E2', 10715, 12246, -107, -51]
['525049494F5400000000000000000000', 1, 3, -62, -55]
['525049494F5400000000000000000000', 1, 3, -62, -65]
['525049494F5400000000000000000000', 1, 3, -62, -65]
['525049494F5400000000000000000000', 1, 3, -62, -75]
['525049494F5400000000000000000000', 1, 3, -62, -66]
['5969400EBAB3EB26137866017EF806E2', 10715, 12246, -107, -66]
['525049494F5400000000000000000000', 1, 3, -62, -55]
['525049494F5400000000000000000000', 1, 3, -62, -65]
['525049494F5400000000000000000000', 1, 3, -62, -55]
['525049494F5400000000000000000000', 1, 3, -62, -67]
['525049494F5400000000000000000000', 1, 3, -62, -51]
['525049494F5400000000000000000000', 1, 3, -62, -68]
['5969400EBAB3EB26137866017EF806E2', 10715, 12246, -107, -73]
['525049494F5400000000000000000000', 1, 3, -62, -51]
['525049494F5400000000000000000000', 1, 3, -62, -68]
['525049494F5400000000000000000000', 1, 3, -62, -51]
['525049494F5400000000000000000000', 1, 3, -62, -70]
['525049494F5400000000000000000000', 1, 3, -62, -50]
['525049494F5400000000000000000000', 1, 3, -62, -67]
['525049494F5400000000000000000000', 1, 3, -62, -51]
['525049494F5400000000000000000000', 1, 3, -62, -67]
['525049494F5400000000000000000000', 1, 3, -62, -51]
['525049494F5400000000000000000000', 1, 3, -62, -69]
['525049494F5400000000000000000000', 1, 3, -62, -52]
['525049494F5400000000000000000000', 1, 3, -62, -55]
['5969400EBAB3EB26137866017EF806E2', 10715, 12246, -107, -51]
['525049494F5400000000000000000000', 1, 3, -62, -52]
['525049494F5400000000000000000000', 1, 3, -62, -67]
['525049494F5400000000000000000000', 1, 3, -62, -52]
['525049494F5400000000000000000000', 1, 3, -62, -67]
['525049494F5400000000000000000000', 1, 3, -62, -55]
['525049494F5400000000000000000000', 1, 3, -62, -66]
['5969400EBAB3EB26137866017EF806E2', 10715, 12246, -107, -51]
['525049494F5400000000000000000000', 1, 3, -62, -76]
['525049494F5400000000000000000000', 1, 3, -62, -81]
['525049494F5400000000000000000000', 1, 3, -62, -68]
['525049494F5400000000000000000000', 1, 3, -62, -51]
['525049494F5400000000000000000000', 1, 3, -62, -68]
['525049494F5400000000000000000000', 1, 3, -62, -51]
['5969400EBAB3EB26137866017EF806E2', 10715, 12246, -107, -52]
['525049494F5400000000000000000000', 1, 3, -62, -69]
['525049494F5400000000000000000000', 1, 3, -62, -53]
['525049494F5400000000000000000000', 1, 3, -62, -67]
['525049494F5400000000000000000000', 1, 3, -62, -52]
['525049494F5400000000000000000000', 1, 3, -62, -67]
['525049494F5400000000000000000000', 1, 3, -62, -55]
['525049494F5400000000000000000000', 1, 3, -62, -67]
['5969400EBAB3EB26137866017EF806E2', 10715, 12246, -107, -69]
['525049494F5400000000000000000000', 1, 3, -62, -55]
['525049494F5400000000000000000000', 1, 3, -62, -68]
['525049494F5400000000000000000000', 1, 3, -62, -55]
['525049494F5400000000000000000000', 1, 3, -62, -66]
['525049494F5400000000000000000000', 1, 3, -62, -52]
['525049494F5400000000000000000000', 1, 3, -62, -52]
['525049494F5400000000000000000000', 1, 3, -62, -51]
['525049494F5400000000000000000000', 1, 3, -62, -69]
['525049494F5400000000000000000000', 1, 3, -62, -52]
['525049494F5400000000000000000000', 1, 3, -62, -68]
['525049494F5400000000000000000000', 1, 3, -62, -51]
['5969400EBAB3EB26137866017EF806E2', 10715, 12246, -107, -51]
['525049494F5400000000000000000000', 1, 3, -62, -68]

